ID,con_count,condition_tool,condition_unce,trial_number,trial.started,trial.started_EEG,trial.stopped,trial.stopped_EEG,feedback.end,feedback.end_EEG,data_file_name,name_wins_1,name_lose_1,name_wins_2,name_lose_2,name_wins_3,name_lose_3,name_wins_4,name_lose_4,score_deck1,score_deck2,score_deck3,score_deck4,score_ref1,score_ref2,clicked_image,wins,lose,wins_total,lose_total,points_total_condition,points_total,score,wins_deck1,lose_deck1,wins_deck2,lose_deck2,wins_deck3,lose_deck3,wins_deck4,lose_deck4,counter_deck1,counter_deck2,counter_deck3,counter_deck4,wins_mean_deck1,lose_mean_deck1,total_mean_deck1,wins_mean_deck2,lose_mean_deck2,total_mean_deck2,wins_mean_deck3,lose_mean_deck3,total_mean_deck3,wins_mean_deck4,lose_mean_deck4,total_mean_deck4,counter_AIT,choose_deck1,choose_deck2,choose_deck3,choose_deck4,date,response_time,sex,age
IG52,1.0,NAIT,HIGU,1.0,393.52218680000806,387.88937349999946,394.667414800002,389.0346014999934,396.6786446000042,391.0458312999956,deck_data_3.xlsx,deck_C_wins,deck_C_lose,deck_A_wins,deck_A_lose,deck_D_wins,deck_D_lose,deck_B_wins,deck_B_lose,0.6666666666666666,0.0,0.3333333333333333,1.0,0.6666666666666666,1.0,2.0,83.0,181.0,83.0,181.0,-98.0,472.0,0.0,0.0,0.0,83.0,181.0,0.0,0.0,0.0,0.0,0.0,1.0,0.0,0.0,0.0,0.0,0.0,83.0,181.0,-98.0,0.0,0.0,0.0,0.0,0.0,0.0,0.0,A,B,C,D,2024-05-16_08h53.32.485,1.1452279999939492,men,19
IG52,1.0,NAIT,HIGU,2.0,396.7115088999999,391.0786955999913,398.1781519000069,392.54533859999833,400.19188330000907,394.5590700000005,deck_data_3.xlsx,deck_C_wins,deck_C_lose,deck_A_wins,deck_A_lose,deck_D_wins,deck_D_lose,deck_B_wins,deck_B_lose,0.6666666666666666,0.0,0.3333333333333333,1.0,0.6666666666666666,1.0,4.0,110.0,0.0,193.0,181.0,12.0,582.0,1.0,0.0,0.0,83.0,181.0,0.0,0.0,110.0,0.0,0.0,1.0,0.0,1.0,0.0,0.0,0.0,83.0,181.0,-98.0,0.0,0.0,0.0,110.0,0.0,110.0,0.0,A,B,C,D,2024-05-16_08h53.32.485,1.466643000007025,men,19
IG52,1.0,NAIT,HIGU,3.0,400.2238161999994,394.5910028999908,400.4942293000058,394.8614159999972,402.506252200008,396.8734388999994,deck_data_3.xlsx,deck_C_wins,deck_C_lose,deck_A_wins,deck_A_lose,deck_D_wins,deck_D_lose,deck_B_wins,deck_B_lose,0.6666666666666666,0.0,0.3333333333333333,1.0,0.6666666666666666,1.0,1.0,34.0,0.0,227.0,181.0,46.0,616.0,0.6666666666666666,34.0,0.0,83.0,181.0,0.0,0.0,110.0,0.0,1.0,1.0,0.0,1.0,34.0,0.0,34.0,83.0,181.0,-98.0,0.0,0.0,0.0,110.0,0.0,110.0,0.0,A,B,C,D,2024-05-16_08h53.32.485,0.270413100006408,men,19
IG52,1.0,NAIT,HIGU,4.0,402.5432744999998,396.9104611999912,403.024725700001,397.3919123999924,405.0370079000131,399.4041946000045,deck_data_3.xlsx,deck_C_wins,deck_C_lose,deck_A_wins,deck_A_lose,deck_D_wins,deck_D_lose,deck_B_wins,deck_B_lose,0.6666666666666666,0.0,0.3333333333333333,1.0,0.6666666666666666,1.0,3.0,44.0,0.0,271.0,181.0,90.0,660.0,0.3333333333333333,34.0,0.0,83.0,181.0,44.0,0.0,110.0,0.0,1.0,1.0,1.0,1.0,34.0,0.0,34.0,83.0,181.0,-98.0,44.0,0.0,44.0,110.0,0.0,110.0,0.0,A,B,C,D,2024-05-16_08h53.32.485,0.4814512000011746,men,19
IG52,1.0,NAIT,HIGU,5.0,405.0655969000072,399.4327835999986,405.9402611000114,400.3074478000028,407.9534159000032,402.3206025999946,deck_data_3.xlsx,deck_C_wins,deck_C_lose,deck_A_wins,deck_A_lose,deck_D_wins,deck_D_lose,deck_B_wins,deck_B_lose,0.6666666666666666,0.0,0.3333333333333333,1.0,0.6666666666666666,1.0,4.0,121.0,0.0,392.0,181.0,211.0,781.0,1.0,34.0,0.0,83.0,181.0,44.0,0.0,231.0,0.0,1.0,1.0,1.0,2.0,34.0,0.0,34.0,83.0,181.0,-98.0,44.0,0.0,44.0,115.5,0.0,115.5,0.0,A,B,C,D,2024-05-16_08h53.32.485,0.8746642000041902,men,19
IG52,1.0,NAIT,HIGU,6.0,407.9880254000018,402.3552120999932,408.4865664000099,402.8537531000013,410.4984361000097,404.8656228000011,deck_data_3.xlsx,deck_C_wins,deck_C_lose,deck_A_wins,deck_A_lose,deck_D_wins,deck_D_lose,deck_B_wins,deck_B_lose,0.6666666666666666,0.0,0.3333333333333333,1.0,0.6666666666666666,1.0,4.0,106.0,0.0,498.0,181.0,317.0,887.0,1.0,34.0,0.0,83.0,181.0,44.0,0.0,337.0,0.0,1.0,1.0,1.0,3.0,34.0,0.0,34.0,83.0,181.0,-98.0,44.0,0.0,44.0,112.33333333333331,0.0,112.33333333333331,1.0,A,B,C,D,2024-05-16_08h53.32.485,0.4985410000081174,men,19
IG52,1.0,NAIT,HIGU,7.0,410.5340747000009,404.9012613999923,411.3170389000006,405.684225599992,413.3311829000013,407.6983695999927,deck_data_3.xlsx,deck_C_wins,deck_C_lose,deck_A_wins,deck_A_lose,deck_D_wins,deck_D_lose,deck_B_wins,deck_B_lose,0.6666666666666666,0.0,0.3333333333333333,1.0,0.6666666666666666,1.0,4.0,120.0,0.0,618.0,181.0,437.0,1007.0,1.0,34.0,0.0,83.0,181.0,44.0,0.0,457.0,0.0,1.0,1.0,1.0,4.0,34.0,0.0,34.0,83.0,181.0,-98.0,44.0,0.0,44.0,114.25,0.0,114.25,1.0,A,B,C,,2024-05-16_08h53.32.485,0.7829641999997534,men,19
IG52,1.0,NAIT,HIGU,8.0,413.3471835000091,407.7143702000005,413.680434599999,408.0476212999904,415.6930897999992,410.0602764999906,deck_data_3.xlsx,deck_C_wins,deck_C_lose,deck_A_wins,deck_A_lose,deck_D_wins,deck_D_lose,deck_B_wins,deck_B_lose,0.6666666666666666,0.0,0.3333333333333333,1.0,0.6666666666666666,1.0,3.0,40.0,51.0,658.0,232.0,426.0,996.0,0.3333333333333333,34.0,0.0,83.0,181.0,84.0,51.0,457.0,0.0,1.0,1.0,2.0,4.0,34.0,0.0,34.0,83.0,181.0,-98.0,42.0,25.5,16.5,114.25,0.0,114.25,1.0,A,B,C,,2024-05-16_08h53.32.485,0.3332510999898659,men,19
IG52,1.0,NAIT,HIGU,9.0,415.7176924000087,410.0848791000001,416.7942349000077,411.16142159999913,418.80680970000685,413.1739963999983,deck_data_3.xlsx,deck_C_wins,deck_C_lose,deck_A_wins,deck_A_lose,deck_D_wins,deck_D_lose,deck_B_wins,deck_B_lose,0.6666666666666666,0.0,0.3333333333333333,1.0,0.6666666666666666,1.0,1.0,55.0,0.0,713.0,232.0,481.0,1051.0,0.6666666666666666,89.0,0.0,83.0,181.0,84.0,51.0,457.0,0.0,2.0,1.0,2.0,4.0,44.5,0.0,44.5,83.0,181.0,-98.0,42.0,25.5,16.5,114.25,0.0,114.25,1.0,A,B,C,,2024-05-16_08h53.32.485,1.07654249999905,men,19
IG52,1.0,NAIT,HIGU,10.0,418.8306526000088,413.1978393000002,419.49162369999976,413.8588103999912,421.504210900006,415.8713975999974,deck_data_3.xlsx,deck_C_wins,deck_C_lose,deck_A_wins,deck_A_lose,deck_D_wins,deck_D_lose,deck_B_wins,deck_B_lose,0.6666666666666666,0.0,0.3333333333333333,1.0,0.6666666666666666,1.0,1.0,41.0,0.0,754.0,232.0,522.0,1092.0,0.6666666666666666,130.0,0.0,83.0,181.0,84.0,51.0,457.0,0.0,3.0,1.0,2.0,4.0,43.333333333333336,0.0,43.333333333333336,83.0,181.0,-98.0,42.0,25.5,16.5,114.25,0.0,114.25,2.0,A,B,C,,2024-05-16_08h53.32.485,0.6609710999909453,men,19
IG52,1.0,NAIT,HIGU,11.0,421.52874240001256,415.895929100004,422.0553998000105,416.4225865000019,424.068187900004,418.4353745999954,deck_data_3.xlsx,deck_C_wins,deck_C_lose,deck_A_wins,deck_A_lose,deck_D_wins,deck_D_lose,deck_B_wins,deck_B_lose,0.6666666666666666,0.0,0.3333333333333333,1.0,0.6666666666666666,1.0,1.0,56.0,47.0,810.0,279.0,531.0,1101.0,0.6666666666666666,186.0,47.0,83.0,181.0,84.0,51.0,457.0,0.0,4.0,1.0,2.0,4.0,46.5,11.75,34.75,83.0,181.0,-98.0,42.0,25.5,16.5,114.25,0.0,114.25,2.0,,B,C,,2024-05-16_08h53.32.485,0.52665739999793,men,19
IG52,1.0,NAIT,HIGU,12.0,424.09211520000827,418.4593018999997,424.2866708000074,418.6538574999988,426.2993700000079,420.6665566999993,deck_data_3.xlsx,deck_C_wins,deck_C_lose,deck_A_wins,deck_A_lose,deck_D_wins,deck_D_lose,deck_B_wins,deck_B_lose,0.6666666666666666,0.0,0.3333333333333333,1.0,0.6666666666666666,1.0,4.0,101.0,128.0,911.0,407.0,504.0,1074.0,1.0,186.0,47.0,83.0,181.0,84.0,51.0,558.0,128.0,4.0,1.0,2.0,5.0,46.5,11.75,34.75,83.0,181.0,-98.0,42.0,25.5,16.5,111.6,25.6,86.0,2.0,,B,C,,2024-05-16_08h53.32.485,0.1945555999991484,men,19
IG52,1.0,NAIT,HIGU,13.0,426.3348486000032,420.7020352999946,426.61645190000127,420.9836385999927,428.63068510001176,422.9978718000032,deck_data_3.xlsx,deck_C_wins,deck_C_lose,deck_A_wins,deck_A_lose,deck_D_wins,deck_D_lose,deck_B_wins,deck_B_lose,0.6666666666666666,0.0,0.3333333333333333,1.0,0.6666666666666666,1.0,2.0,106.0,0.0,1017.0,407.0,610.0,1180.0,0.0,186.0,47.0,189.0,181.0,84.0,51.0,558.0,128.0,4.0,2.0,2.0,5.0,46.5,11.75,34.75,94.5,90.5,4.0,42.0,25.5,16.5,111.6,25.6,86.0,2.0,,B,C,,2024-05-16_08h53.32.485,0.2816032999980393,men,19
IG52,1.0,NAIT,HIGU,14.0,428.65818660000514,423.02537329999655,429.0642490000028,423.4314356999942,431.0779909000121,425.4451776000035,deck_data_3.xlsx,deck_C_wins,deck_C_lose,deck_A_wins,deck_A_lose,deck_D_wins,deck_D_lose,deck_B_wins,deck_B_lose,0.6666666666666666,0.0,0.3333333333333333,1.0,0.6666666666666666,1.0,2.0,94.0,186.0,1111.0,593.0,518.0,1088.0,0.0,186.0,47.0,283.0,367.0,84.0,51.0,558.0,128.0,4.0,3.0,2.0,5.0,46.5,11.75,34.75,94.33333333333331,122.33333333333331,-28.0,42.0,25.5,16.5,111.6,25.6,86.0,3.0,,B,C,,2024-05-16_08h53.32.485,0.4060623999976656,men,19
IG52,1.0,NAIT,HIGU,15.0,431.10879480000585,425.47598149999726,431.7129621000058,426.0801487999972,433.7251637000009,428.0923503999923,deck_data_3.xlsx,deck_C_wins,deck_C_lose,deck_A_wins,deck_A_lose,deck_D_wins,deck_D_lose,deck_B_wins,deck_B_lose,0.6666666666666666,0.0,0.3333333333333333,1.0,0.6666666666666666,1.0,3.0,67.0,123.0,1178.0,716.0,462.0,1032.0,0.3333333333333333,186.0,47.0,283.0,367.0,151.0,174.0,558.0,128.0,4.0,3.0,3.0,5.0,46.5,11.75,34.75,94.33333333333331,122.33333333333331,-28.0,50.333333333333336,58.0,-7.666666666666664,111.6,25.6,86.0,4.0,,,C,,2024-05-16_08h53.32.485,0.6041672999999719,men,19
IG52,1.0,NAIT,HIGU,16.0,433.7579295000032,428.1251161999946,434.4607422000117,428.8279289000031,436.4725732000079,430.8397598999993,deck_data_3.xlsx,deck_C_wins,deck_C_lose,deck_A_wins,deck_A_lose,deck_D_wins,deck_D_lose,deck_B_wins,deck_B_lose,0.6666666666666666,0.0,0.3333333333333333,1.0,0.6666666666666666,1.0,1.0,58.0,0.0,1236.0,716.0,520.0,1090.0,0.6666666666666666,244.0,47.0,283.0,367.0,151.0,174.0,558.0,128.0,5.0,3.0,3.0,5.0,48.8,9.4,39.4,94.33333333333331,122.33333333333331,-28.0,50.333333333333336,58.0,-7.666666666666664,111.6,25.6,86.0,4.0,A,,,D,2024-05-16_08h53.32.485,0.7028127000085078,men,19
IG52,1.0,NAIT,HIGU,17.0,436.4959648000077,430.8631514999991,437.0914281000005,431.4586147999919,439.1036041000043,433.4707907999957,deck_data_3.xlsx,deck_C_wins,deck_C_lose,deck_A_wins,deck_A_lose,deck_D_wins,deck_D_lose,deck_B_wins,deck_B_lose,0.6666666666666666,0.0,0.3333333333333333,1.0,0.6666666666666666,1.0,1.0,50.0,30.0,1286.0,746.0,540.0,1110.0,0.6666666666666666,294.0,77.0,283.0,367.0,151.0,174.0,558.0,128.0,6.0,3.0,3.0,5.0,49.0,12.833333333333334,36.16666666666666,94.33333333333331,122.33333333333331,-28.0,50.333333333333336,58.0,-7.666666666666664,111.6,25.6,86.0,4.0,A,,,D,2024-05-16_08h53.32.485,0.5954632999927867,men,19
IG52,1.0,NAIT,HIGU,18.0,439.133026800002,433.50021349999344,440.1042519000039,434.4714385999953,442.1168913000001,436.4840779999915,deck_data_3.xlsx,deck_C_wins,deck_C_lose,deck_A_wins,deck_A_lose,deck_D_wins,deck_D_lose,deck_B_wins,deck_B_lose,0.6666666666666666,0.0,0.3333333333333333,1.0,0.6666666666666666,1.0,4.0,127.0,0.0,1413.0,746.0,667.0,1237.0,1.0,294.0,77.0,283.0,367.0,151.0,174.0,685.0,128.0,6.0,3.0,3.0,6.0,49.0,12.833333333333334,36.16666666666666,94.33333333333331,122.33333333333331,-28.0,50.333333333333336,58.0,-7.666666666666664,114.16666666666669,21.33333333333333,92.83333333333334,4.0,A,,,D,2024-05-16_08h53.32.485,0.9712251000018456,men,19
IG52,1.0,NAIT,HIGU,19.0,442.14491140001337,436.5120981000048,442.9191240000073,437.2863106999987,444.931038499999,439.2982251999904,deck_data_3.xlsx,deck_C_wins,deck_C_lose,deck_A_wins,deck_A_lose,deck_D_wins,deck_D_lose,deck_B_wins,deck_B_lose,0.6666666666666666,0.0,0.3333333333333333,1.0,0.6666666666666666,1.0,4.0,119.0,171.0,1532.0,917.0,615.0,1185.0,1.0,294.0,77.0,283.0,367.0,151.0,174.0,804.0,299.0,6.0,3.0,3.0,7.0,49.0,12.833333333333334,36.16666666666666,94.33333333333331,122.33333333333331,-28.0,50.333333333333336,58.0,-7.666666666666664,114.85714285714286,42.71428571428572,72.14285714285714,4.0,A,,,D,2024-05-16_08h53.32.485,0.7742125999939162,men,19
IG52,1.0,NAIT,HIGU,20.0,444.956703600008,439.3238902999994,445.448890700005,439.8160773999964,447.4621202000126,441.829306900004,deck_data_3.xlsx,deck_C_wins,deck_C_lose,deck_A_wins,deck_A_lose,deck_D_wins,deck_D_lose,deck_B_wins,deck_B_lose,0.6666666666666666,0.0,0.3333333333333333,1.0,0.6666666666666666,1.0,2.0,74.0,0.0,1606.0,917.0,689.0,1259.0,0.0,294.0,77.0,357.0,367.0,151.0,174.0,804.0,299.0,6.0,4.0,3.0,7.0,49.0,12.833333333333334,36.16666666666666,89.25,91.75,-2.5,50.333333333333336,58.0,-7.666666666666664,114.85714285714286,42.71428571428572,72.14285714285714,4.0,A,,,D,2024-05-16_08h53.32.485,0.492187099997011,men,19
IG52,1.0,NAIT,HIGU,21.0,447.4898930000054,441.8570796999968,448.1295179000008,442.4967045999922,450.14242530000047,444.5096119999919,deck_data_3.xlsx,deck_C_wins,deck_C_lose,deck_A_wins,deck_A_lose,deck_D_wins,deck_D_lose,deck_B_wins,deck_B_lose,0.6666666666666666,0.0,0.3333333333333333,1.0,0.6666666666666666,1.0,3.0,65.0,53.0,1671.0,970.0,701.0,1271.0,0.3333333333333333,294.0,77.0,357.0,367.0,216.0,227.0,804.0,299.0,6.0,4.0,4.0,7.0,49.0,12.833333333333334,36.16666666666666,89.25,91.75,-2.5,54.0,56.75,-2.75,114.85714285714286,42.71428571428572,72.14285714285714,4.0,A,,,D,2024-05-16_08h53.32.485,0.6396248999953968,men,19
IG52,1.0,NAIT,HIGU,22.0,450.1736327000108,444.5408194000022,450.7280666000006,445.095253299992,452.7396735000075,447.1068601999989,deck_data_3.xlsx,deck_C_wins,deck_C_lose,deck_A_wins,deck_A_lose,deck_D_wins,deck_D_lose,deck_B_wins,deck_B_lose,0.6666666666666666,0.0,0.3333333333333333,1.0,0.6666666666666666,1.0,1.0,55.0,33.0,1726.0,1003.0,723.0,1293.0,0.6666666666666666,349.0,110.0,357.0,367.0,216.0,227.0,804.0,299.0,7.0,4.0,4.0,7.0,49.85714285714285,15.714285714285714,34.14285714285714,89.25,91.75,-2.5,54.0,56.75,-2.75,114.85714285714286,42.71428571428572,72.14285714285714,4.0,A,,,D,2024-05-16_08h53.32.485,0.5544338999898173,men,19
IG52,1.0,NAIT,HIGU,23.0,452.77551830001175,447.1427050000032,453.9572160000098,448.3244027000012,455.97025380001287,450.3374405000043,deck_data_3.xlsx,deck_C_wins,deck_C_lose,deck_A_wins,deck_A_lose,deck_D_wins,deck_D_lose,deck_B_wins,deck_B_lose,0.6666666666666666,0.0,0.3333333333333333,1.0,0.6666666666666666,1.0,4.0,121.0,108.0,1847.0,1111.0,736.0,1306.0,1.0,349.0,110.0,357.0,367.0,216.0,227.0,925.0,407.0,7.0,4.0,4.0,8.0,49.85714285714285,15.714285714285714,34.14285714285714,89.25,91.75,-2.5,54.0,56.75,-2.75,115.625,50.875,64.75,4.0,A,,,D,2024-05-16_08h53.32.485,1.1816976999980398,men,19
IG52,1.0,NAIT,HIGU,24.0,456.0885802000121,450.4557669000035,456.6885559000075,451.0557425999989,458.7009677000024,453.0681543999938,deck_data_3.xlsx,deck_C_wins,deck_C_lose,deck_A_wins,deck_A_lose,deck_D_wins,deck_D_lose,deck_B_wins,deck_B_lose,0.6666666666666666,0.0,0.3333333333333333,1.0,0.6666666666666666,1.0,1.0,34.0,0.0,1881.0,1111.0,770.0,1340.0,0.6666666666666666,383.0,110.0,357.0,367.0,216.0,227.0,925.0,407.0,8.0,4.0,4.0,8.0,47.875,13.75,34.125,89.25,91.75,-2.5,54.0,56.75,-2.75,115.625,50.875,64.75,4.0,A,,,D,2024-05-16_08h53.32.485,0.5999756999954116,men,19
IG52,1.0,NAIT,HIGU,25.0,458.7304784000007,453.0976650999921,460.6183912000124,454.9855779000038,462.6300398000021,456.99722649999353,deck_data_3.xlsx,deck_C_wins,deck_C_lose,deck_A_wins,deck_A_lose,deck_D_wins,deck_D_lose,deck_B_wins,deck_B_lose,0.6666666666666666,0.0,0.3333333333333333,1.0,0.6666666666666666,1.0,2.0,86.0,155.0,1967.0,1266.0,701.0,1271.0,0.0,383.0,110.0,443.0,522.0,216.0,227.0,925.0,407.0,8.0,5.0,4.0,8.0,47.875,13.75,34.125,88.6,104.4,-15.800000000000011,54.0,56.75,-2.75,115.625,50.875,64.75,4.0,A,,,D,2024-05-16_08h53.32.485,1.8879128000116907,men,19
IG52,1.0,NAIT,HIGU,26.0,462.6549215000123,457.0221082000037,463.8980608000129,458.2652475000043,465.910065300006,460.2772519999974,deck_data_3.xlsx,deck_C_wins,deck_C_lose,deck_A_wins,deck_A_lose,deck_D_wins,deck_D_lose,deck_B_wins,deck_B_lose,0.6666666666666666,0.0,0.3333333333333333,1.0,0.6666666666666666,1.0,3.0,46.0,0.0,2013.0,1266.0,747.0,1317.0,0.3333333333333333,383.0,110.0,443.0,522.0,262.0,227.0,925.0,407.0,8.0,5.0,5.0,8.0,47.875,13.75,34.125,88.6,104.4,-15.800000000000011,52.4,45.4,7.0,115.625,50.875,64.75,4.0,A,,,D,2024-05-16_08h53.32.485,1.243139300000621,men,19
IG52,1.0,NAIT,HIGU,27.0,465.9462150000036,460.313401699995,466.9785999000014,461.3457865999928,468.99012180000136,463.3573084999928,deck_data_3.xlsx,deck_C_wins,deck_C_lose,deck_A_wins,deck_A_lose,deck_D_wins,deck_D_lose,deck_B_wins,deck_B_lose,0.6666666666666666,0.0,0.3333333333333333,1.0,0.6666666666666666,1.0,3.0,62.0,0.0,2075.0,1266.0,809.0,1379.0,0.3333333333333333,383.0,110.0,443.0,522.0,324.0,227.0,925.0,407.0,8.0,5.0,6.0,8.0,47.875,13.75,34.125,88.6,104.4,-15.800000000000011,54.0,37.833333333333336,16.166666666666664,115.625,50.875,64.75,4.0,A,,,D,2024-05-16_08h53.32.485,1.0323848999978509,men,19
IG52,1.0,NAIT,HIGU,28.0,469.0208845000016,463.388071199993,469.5417446000065,463.9089312999979,471.5566580000013,465.9238446999927,deck_data_3.xlsx,deck_C_wins,deck_C_lose,deck_A_wins,deck_A_lose,deck_D_wins,deck_D_lose,deck_B_wins,deck_B_lose,0.6666666666666666,0.0,0.3333333333333333,1.0,0.6666666666666666,1.0,3.0,41.0,64.0,2116.0,1330.0,786.0,1356.0,0.3333333333333333,383.0,110.0,443.0,522.0,365.0,291.0,925.0,407.0,8.0,5.0,7.0,8.0,47.875,13.75,34.125,88.6,104.4,-15.800000000000011,52.142857142857146,41.57142857142857,10.571428571428577,115.625,50.875,64.75,4.0,A,,,D,2024-05-16_08h53.32.485,0.5208601000048816,men,19
IG52,1.0,NAIT,HIGU,29.0,471.5885045000032,465.9556911999946,474.07132680001087,468.4385135000023,476.0844606000028,470.4516472999942,deck_data_3.xlsx,deck_C_wins,deck_C_lose,deck_A_wins,deck_A_lose,deck_D_wins,deck_D_lose,deck_B_wins,deck_B_lose,0.6666666666666666,0.0,0.3333333333333333,1.0,0.6666666666666666,1.0,1.0,37.0,0.0,2153.0,1330.0,823.0,1393.0,0.6666666666666666,420.0,110.0,443.0,522.0,365.0,291.0,925.0,407.0,9.0,5.0,7.0,8.0,46.66666666666666,12.22222222222222,34.44444444444444,88.6,104.4,-15.800000000000011,52.142857142857146,41.57142857142857,10.571428571428577,115.625,50.875,64.75,4.0,A,,,D,2024-05-16_08h53.32.485,2.4828223000076832,men,19
IG52,1.0,NAIT,HIGU,30.0,476.1134815000114,470.4806682000028,477.1174065000087,471.4845932000001,479.13031160000537,473.4974982999968,deck_data_3.xlsx,deck_C_wins,deck_C_lose,deck_A_wins,deck_A_lose,deck_D_wins,deck_D_lose,deck_B_wins,deck_B_lose,0.6666666666666666,0.0,0.3333333333333333,1.0,0.6666666666666666,1.0,1.0,30.0,40.0,2183.0,1370.0,813.0,1383.0,0.6666666666666666,450.0,150.0,443.0,522.0,365.0,291.0,925.0,407.0,10.0,5.0,7.0,8.0,45.0,15.0,30.0,88.6,104.4,-15.800000000000011,52.142857142857146,41.57142857142857,10.571428571428577,115.625,50.875,64.75,5.0,A,,,D,2024-05-16_08h53.32.485,1.0039249999973094,men,19
IG52,1.0,NAIT,HIGU,31.0,479.15869770001154,473.52588440000295,479.7659881,474.1331747999914,481.77763609999965,476.1448227999911,deck_data_3.xlsx,deck_C_wins,deck_C_lose,deck_A_wins,deck_A_lose,deck_D_wins,deck_D_lose,deck_B_wins,deck_B_lose,0.6666666666666666,0.0,0.3333333333333333,1.0,0.6666666666666666,1.0,4.0,88.0,183.0,2271.0,1553.0,718.0,1288.0,1.0,450.0,150.0,443.0,522.0,365.0,291.0,1013.0,590.0,10.0,5.0,7.0,9.0,45.0,15.0,30.0,88.6,104.4,-15.800000000000011,52.142857142857146,41.57142857142857,10.571428571428577,112.55555555555556,65.55555555555556,47.0,5.0,,,,D,2024-05-16_08h53.32.485,0.6072903999884716,men,19
IG52,1.0,NAIT,HIGU,32.0,481.80255110000144,476.1697377999928,482.6777770000044,477.04496369999583,484.6916594000068,479.0588460999982,deck_data_3.xlsx,deck_C_wins,deck_C_lose,deck_A_wins,deck_A_lose,deck_D_wins,deck_D_lose,deck_B_wins,deck_B_lose,0.6666666666666666,0.0,0.3333333333333333,1.0,0.6666666666666666,1.0,2.0,88.0,0.0,2359.0,1553.0,806.0,1376.0,0.0,450.0,150.0,531.0,522.0,365.0,291.0,1013.0,590.0,10.0,6.0,7.0,9.0,45.0,15.0,30.0,88.5,87.0,1.5,52.142857142857146,41.57142857142857,10.571428571428577,112.55555555555556,65.55555555555556,47.0,5.0,,,,D,2024-05-16_08h53.32.485,0.875225900002988,men,19
IG52,1.0,NAIT,HIGU,33.0,484.729098300013,479.0962850000044,485.7437282000028,480.1109148999942,487.7549913000112,482.1221780000026,deck_data_3.xlsx,deck_C_wins,deck_C_lose,deck_A_wins,deck_A_lose,deck_D_wins,deck_D_lose,deck_B_wins,deck_B_lose,0.6666666666666666,0.0,0.3333333333333333,1.0,0.6666666666666666,1.0,2.0,99.0,0.0,2458.0,1553.0,905.0,1475.0,0.0,450.0,150.0,630.0,522.0,365.0,291.0,1013.0,590.0,10.0,7.0,7.0,9.0,45.0,15.0,30.0,90.0,74.57142857142857,15.42857142857143,52.142857142857146,41.57142857142857,10.571428571428577,112.55555555555556,65.55555555555556,47.0,5.0,,,,D,2024-05-16_08h53.32.485,1.0146298999898136,men,19
IG52,1.0,NAIT,HIGU,34.0,487.7792135000054,482.1464001999968,489.1563332000078,483.5235198999992,491.1684401000093,485.5356268000007,deck_data_3.xlsx,deck_C_wins,deck_C_lose,deck_A_wins,deck_A_lose,deck_D_wins,deck_D_lose,deck_B_wins,deck_B_lose,0.6666666666666666,0.0,0.3333333333333333,1.0,0.6666666666666666,1.0,1.0,41.0,0.0,2499.0,1553.0,946.0,1516.0,0.6666666666666666,491.0,150.0,630.0,522.0,365.0,291.0,1013.0,590.0,11.0,7.0,7.0,9.0,44.63636363636363,13.636363636363637,31.0,90.0,74.57142857142857,15.42857142857143,52.142857142857146,41.57142857142857,10.571428571428577,112.55555555555556,65.55555555555556,47.0,5.0,,,,D,2024-05-16_08h53.32.485,1.3771197000023676,men,19
IG52,1.0,NAIT,HIGU,35.0,491.20249850000255,485.569685199994,491.80301780000445,486.1702044999959,493.8161714000016,488.183358099993,deck_data_3.xlsx,deck_C_wins,deck_C_lose,deck_A_wins,deck_A_lose,deck_D_wins,deck_D_lose,deck_B_wins,deck_B_lose,0.6666666666666666,0.0,0.3333333333333333,1.0,0.6666666666666666,1.0,1.0,37.0,0.0,2536.0,1553.0,983.0,1553.0,0.6666666666666666,528.0,150.0,630.0,522.0,365.0,291.0,1013.0,590.0,12.0,7.0,7.0,9.0,44.0,12.5,31.5,90.0,74.57142857142857,15.42857142857143,52.142857142857146,41.57142857142857,10.571428571428577,112.55555555555556,65.55555555555556,47.0,5.0,,,,D,2024-05-16_08h53.32.485,0.6005193000019062,men,19
IG52,1.0,NAIT,HIGU,36.0,493.8438693000062,488.2110559999976,494.6671502000099,489.0343369000013,496.679472600008,491.0466592999994,deck_data_3.xlsx,deck_C_wins,deck_C_lose,deck_A_wins,deck_A_lose,deck_D_wins,deck_D_lose,deck_B_wins,deck_B_lose,0.6666666666666666,0.0,0.3333333333333333,1.0,0.6666666666666666,1.0,3.0,60.0,0.0,2596.0,1553.0,1043.0,1613.0,0.3333333333333333,528.0,150.0,630.0,522.0,425.0,291.0,1013.0,590.0,12.0,7.0,8.0,9.0,44.0,12.5,31.5,90.0,74.57142857142857,15.42857142857143,53.125,36.375,16.75,112.55555555555556,65.55555555555556,47.0,5.0,,,,D,2024-05-16_08h53.32.485,0.8232809000037378,men,19
IG52,1.0,NAIT,HIGU,37.0,496.7160435000114,491.0832302000028,498.71274470000935,493.0799314000008,500.72539930000494,495.09258599999634,deck_data_3.xlsx,deck_C_wins,deck_C_lose,deck_A_wins,deck_A_lose,deck_D_wins,deck_D_lose,deck_B_wins,deck_B_lose,0.6666666666666666,0.0,0.3333333333333333,1.0,0.6666666666666666,1.0,3.0,62.0,0.0,2658.0,1553.0,1105.0,1675.0,0.3333333333333333,528.0,150.0,630.0,522.0,487.0,291.0,1013.0,590.0,12.0,7.0,9.0,9.0,44.0,12.5,31.5,90.0,74.57142857142857,15.42857142857143,54.11111111111112,32.333333333333336,21.77777777777778,112.55555555555556,65.55555555555556,47.0,5.0,,,,D,2024-05-16_08h53.32.485,1.996701199997972,men,19
IG52,1.0,NAIT,HIGU,38.0,500.7535742000037,495.1207608999951,501.6106435000111,495.9778302000025,503.62270640001225,497.98989310000366,deck_data_3.xlsx,deck_C_wins,deck_C_lose,deck_A_wins,deck_A_lose,deck_D_wins,deck_D_lose,deck_B_wins,deck_B_lose,0.6666666666666666,0.0,0.3333333333333333,1.0,0.6666666666666666,1.0,1.0,46.0,0.0,2704.0,1553.0,1151.0,1721.0,0.6666666666666666,574.0,150.0,630.0,522.0,487.0,291.0,1013.0,590.0,13.0,7.0,9.0,9.0,44.15384615384615,11.538461538461538,32.61538461538461,90.0,74.57142857142857,15.42857142857143,54.11111111111112,32.333333333333336,21.77777777777778,112.55555555555556,65.55555555555556,47.0,5.0,,,,D,2024-05-16_08h53.32.485,0.8570693000074243,men,19
IG52,1.0,NAIT,HIGU,39.0,503.6469300000026,498.014116699994,504.456984000004,498.8241706999954,506.469614600006,500.83680129999743,deck_data_3.xlsx,deck_C_wins,deck_C_lose,deck_A_wins,deck_A_lose,deck_D_wins,deck_D_lose,deck_B_wins,deck_B_lose,0.6666666666666666,0.0,0.3333333333333333,1.0,0.6666666666666666,1.0,1.0,35.0,0.0,2739.0,1553.0,1186.0,1756.0,0.6666666666666666,609.0,150.0,630.0,522.0,487.0,291.0,1013.0,590.0,14.0,7.0,9.0,9.0,43.5,10.714285714285714,32.785714285714285,90.0,74.57142857142857,15.42857142857143,54.11111111111112,32.333333333333336,21.77777777777778,112.55555555555556,65.55555555555556,47.0,5.0,,,,D,2024-05-16_08h53.32.485,0.8100540000014007,men,19
IG52,1.0,NAIT,HIGU,40.0,506.4917933000106,500.858980000002,507.2380029000051,501.6051895999965,509.2502615000121,503.6174482000035,deck_data_3.xlsx,deck_C_wins,deck_C_lose,deck_A_wins,deck_A_lose,deck_D_wins,deck_D_lose,deck_B_wins,deck_B_lose,0.6666666666666666,0.0,0.3333333333333333,1.0,0.6666666666666666,1.0,4.0,87.0,110.0,2826.0,1663.0,1163.0,1733.0,1.0,609.0,150.0,630.0,522.0,487.0,291.0,1100.0,700.0,14.0,7.0,9.0,10.0,43.5,10.714285714285714,32.785714285714285,90.0,74.57142857142857,15.42857142857143,54.11111111111112,32.333333333333336,21.77777777777778,110.0,70.0,40.0,6.0,,,,D,2024-05-16_08h53.32.485,0.7462095999944722,men,19
IG52,1.0,NAIT,HIGU,41.0,509.2747965000017,503.6419831999931,510.6850478000124,505.0522345000038,512.6969653000124,507.0641520000038,deck_data_3.xlsx,deck_C_wins,deck_C_lose,deck_A_wins,deck_A_lose,deck_D_wins,deck_D_lose,deck_B_wins,deck_B_lose,0.6666666666666666,0.0,0.3333333333333333,1.0,0.6666666666666666,1.0,2.0,82.0,278.0,2908.0,1941.0,967.0,1537.0,0.0,609.0,150.0,712.0,800.0,487.0,291.0,1100.0,700.0,14.0,8.0,9.0,10.0,43.5,10.714285714285714,32.785714285714285,89.0,100.0,-11.0,54.11111111111112,32.333333333333336,21.77777777777778,110.0,70.0,40.0,6.0,,,,D,2024-05-16_08h53.32.485,1.4102513000107135,men,19
IG52,1.0,NAIT,HIGU,42.0,512.7261457000131,507.09333240000456,513.198616300011,507.56580300000246,515.2110650000104,509.5782517000018,deck_data_3.xlsx,deck_C_wins,deck_C_lose,deck_A_wins,deck_A_lose,deck_D_wins,deck_D_lose,deck_B_wins,deck_B_lose,0.6666666666666666,0.0,0.3333333333333333,1.0,0.6666666666666666,1.0,3.0,63.0,59.0,2971.0,2000.0,971.0,1541.0,0.3333333333333333,609.0,150.0,712.0,800.0,550.0,350.0,1100.0,700.0,14.0,8.0,10.0,10.0,43.5,10.714285714285714,32.785714285714285,89.0,100.0,-11.0,55.0,35.0,20.0,110.0,70.0,40.0,7.0,,,,D,2024-05-16_08h53.32.485,0.4724705999979051,men,19
IG52,1.0,NAIT,HIGU,43.0,515.232986300005,509.6001729999964,515.6467598000017,510.0139464999932,517.6586951000063,512.0258817999977,deck_data_3.xlsx,deck_C_wins,deck_C_lose,deck_A_wins,deck_A_lose,deck_D_wins,deck_D_lose,deck_B_wins,deck_B_lose,0.6666666666666666,0.0,0.3333333333333333,1.0,0.6666666666666666,1.0,1.0,38.0,30.0,3009.0,2030.0,979.0,1549.0,0.6666666666666666,647.0,180.0,712.0,800.0,550.0,350.0,1100.0,700.0,15.0,8.0,10.0,10.0,43.13333333333333,12.0,31.133333333333333,89.0,100.0,-11.0,55.0,35.0,20.0,110.0,70.0,40.0,7.0,,,,D,2024-05-16_08h53.32.485,0.4137734999967506,men,19
IG52,1.0,NAIT,HIGU,44.0,517.6895499000093,512.0567366000007,518.5437096000096,512.910896300001,520.5556063000113,514.9227930000027,deck_data_3.xlsx,deck_C_wins,deck_C_lose,deck_A_wins,deck_A_lose,deck_D_wins,deck_D_lose,deck_B_wins,deck_B_lose,0.6666666666666666,0.0,0.3333333333333333,1.0,0.6666666666666666,1.0,1.0,58.0,31.0,3067.0,2061.0,1006.0,1576.0,0.6666666666666666,705.0,211.0,712.0,800.0,550.0,350.0,1100.0,700.0,16.0,8.0,10.0,10.0,44.0625,13.1875,30.875,89.0,100.0,-11.0,55.0,35.0,20.0,110.0,70.0,40.0,7.0,,,,D,2024-05-16_08h53.32.485,0.8541597000003094,men,19
IG52,1.0,NAIT,HIGU,45.0,520.5893792999996,514.956565999991,521.4076121000107,515.7747988000021,523.4199652000098,517.7871519000012,deck_data_3.xlsx,deck_C_wins,deck_C_lose,deck_A_wins,deck_A_lose,deck_D_wins,deck_D_lose,deck_B_wins,deck_B_lose,0.6666666666666666,0.0,0.3333333333333333,1.0,0.6666666666666666,1.0,4.0,82.0,0.0,3149.0,2061.0,1088.0,1658.0,1.0,705.0,211.0,712.0,800.0,550.0,350.0,1182.0,700.0,16.0,8.0,10.0,11.0,44.0625,13.1875,30.875,89.0,100.0,-11.0,55.0,35.0,20.0,107.45454545454544,63.63636363636363,43.81818181818182,7.0,,,,D,2024-05-16_08h53.32.485,0.8182328000111738,men,19
IG52,1.0,NAIT,HIGU,46.0,523.4447302000044,517.8119168999958,524.171193000002,518.5383796999934,526.1834505000006,520.550637199992,deck_data_3.xlsx,deck_C_wins,deck_C_lose,deck_A_wins,deck_A_lose,deck_D_wins,deck_D_lose,deck_B_wins,deck_B_lose,0.6666666666666666,0.0,0.3333333333333333,1.0,0.6666666666666666,1.0,4.0,96.0,0.0,3245.0,2061.0,1184.0,1754.0,1.0,705.0,211.0,712.0,800.0,550.0,350.0,1278.0,700.0,16.0,8.0,10.0,12.0,44.0625,13.1875,30.875,89.0,100.0,-11.0,55.0,35.0,20.0,106.5,58.333333333333336,48.16666666666666,7.0,,,,D,2024-05-16_08h53.32.485,0.7264627999975346,men,19
IG52,1.0,NAIT,HIGU,47.0,526.2140407000115,520.581227400003,526.852243900008,521.2194305999994,528.8643510000111,523.2315377000025,deck_data_3.xlsx,deck_C_wins,deck_C_lose,deck_A_wins,deck_A_lose,deck_D_wins,deck_D_lose,deck_B_wins,deck_B_lose,0.6666666666666666,0.0,0.3333333333333333,1.0,0.6666666666666666,1.0,4.0,118.0,143.0,3363.0,2204.0,1159.0,1729.0,1.0,705.0,211.0,712.0,800.0,550.0,350.0,1396.0,843.0,16.0,8.0,10.0,13.0,44.0625,13.1875,30.875,89.0,100.0,-11.0,55.0,35.0,20.0,107.3846153846154,64.84615384615384,42.53846153846155,7.0,,,,D,2024-05-16_08h53.32.485,0.6382031999964966,men,19
IG52,1.0,NAIT,HIGU,48.0,528.8942749000125,523.2614616000039,528.9672667000123,523.3344534000037,530.9787573000067,525.3459439999981,deck_data_3.xlsx,deck_C_wins,deck_C_lose,deck_A_wins,deck_A_lose,deck_D_wins,deck_D_lose,deck_B_wins,deck_B_lose,0.6666666666666666,0.0,0.3333333333333333,1.0,0.6666666666666666,1.0,1.0,58.0,0.0,3421.0,2204.0,1217.0,1787.0,0.6666666666666666,763.0,211.0,712.0,800.0,550.0,350.0,1396.0,843.0,17.0,8.0,10.0,13.0,44.88235294117647,12.411764705882351,32.47058823529412,89.0,100.0,-11.0,55.0,35.0,20.0,107.3846153846154,64.84615384615384,42.53846153846155,7.0,,,,D,2024-05-16_08h53.32.485,0.0729917999997269,men,19
IG52,1.0,NAIT,HIGU,49.0,531.0015984000056,525.368785099997,531.8144618000078,526.1816484999993,533.8261227000039,528.1933093999953,deck_data_3.xlsx,deck_C_wins,deck_C_lose,deck_A_wins,deck_A_lose,deck_D_wins,deck_D_lose,deck_B_wins,deck_B_lose,0.6666666666666666,0.0,0.3333333333333333,1.0,0.6666666666666666,1.0,1.0,42.0,34.0,3463.0,2238.0,1225.0,1795.0,0.6666666666666666,805.0,245.0,712.0,800.0,550.0,350.0,1396.0,843.0,18.0,8.0,10.0,13.0,44.72222222222222,13.61111111111111,31.11111111111111,89.0,100.0,-11.0,55.0,35.0,20.0,107.3846153846154,64.84615384615384,42.53846153846155,7.0,,,,D,2024-05-16_08h53.32.485,0.812863400002243,men,19
IG52,1.0,NAIT,HIGU,50.0,533.8574987000029,528.2246853999943,536.1424633000133,530.5096500000047,538.1553510000085,532.5225376999999,deck_data_3.xlsx,deck_C_wins,deck_C_lose,deck_A_wins,deck_A_lose,deck_D_wins,deck_D_lose,deck_B_wins,deck_B_lose,0.6666666666666666,0.0,0.3333333333333333,1.0,0.6666666666666666,1.0,3.0,53.0,104.0,3516.0,2342.0,1174.0,1744.0,0.3333333333333333,805.0,245.0,712.0,800.0,603.0,454.0,1396.0,843.0,18.0,8.0,11.0,13.0,44.72222222222222,13.61111111111111,31.11111111111111,89.0,100.0,-11.0,54.81818181818182,41.27272727272727,13.545454545454549,107.3846153846154,64.84615384615384,42.53846153846155,7.0,,,,D,2024-05-16_08h53.32.485,2.284964600010426,men,19
IG52,1.0,NAIT,HIGU,51.0,538.1861416000029,532.5533282999943,539.0727353000111,533.4399220000025,541.0857851000037,535.4529717999951,deck_data_3.xlsx,deck_C_wins,deck_C_lose,deck_A_wins,deck_A_lose,deck_D_wins,deck_D_lose,deck_B_wins,deck_B_lose,0.6666666666666666,0.0,0.3333333333333333,1.0,0.6666666666666666,1.0,2.0,79.0,0.0,3595.0,2342.0,1253.0,1823.0,0.0,805.0,245.0,791.0,800.0,603.0,454.0,1396.0,843.0,18.0,9.0,11.0,13.0,44.72222222222222,13.61111111111111,31.11111111111111,87.88888888888889,88.88888888888889,-1.0,54.81818181818182,41.27272727272727,13.545454545454549,107.3846153846154,64.84615384615384,42.53846153846155,7.0,,,,D,2024-05-16_08h53.32.485,0.886593700008234,men,19
IG52,1.0,NAIT,HIGU,52.0,541.1144649000053,535.4816515999967,541.8373807000025,536.204567399994,543.849122700005,538.2163093999964,deck_data_3.xlsx,deck_C_wins,deck_C_lose,deck_A_wins,deck_A_lose,deck_D_wins,deck_D_lose,deck_B_wins,deck_B_lose,0.6666666666666666,0.0,0.3333333333333333,1.0,0.6666666666666666,1.0,2.0,109.0,0.0,3704.0,2342.0,1362.0,1932.0,0.0,805.0,245.0,900.0,800.0,603.0,454.0,1396.0,843.0,18.0,10.0,11.0,13.0,44.72222222222222,13.61111111111111,31.11111111111111,90.0,80.0,10.0,54.81818181818182,41.27272727272727,13.545454545454549,107.3846153846154,64.84615384615384,42.53846153846155,8.0,,,,D,2024-05-16_08h53.32.485,0.7229157999972813,men,19
IG52,1.0,NAIT,HIGU,53.0,543.8672109000036,538.234397599995,544.8837494000036,539.250936099995,546.8964933000098,541.2636800000012,deck_data_3.xlsx,deck_C_wins,deck_C_lose,deck_A_wins,deck_A_lose,deck_D_wins,deck_D_lose,deck_B_wins,deck_B_lose,0.6666666666666666,0.0,0.3333333333333333,1.0,0.6666666666666666,1.0,1.0,47.0,55.0,3751.0,2397.0,1354.0,1924.0,0.6666666666666666,852.0,300.0,900.0,800.0,603.0,454.0,1396.0,843.0,19.0,10.0,11.0,13.0,44.8421052631579,15.789473684210526,29.05263157894737,90.0,80.0,10.0,54.81818181818182,41.27272727272727,13.545454545454549,107.3846153846154,64.84615384615384,42.53846153846155,8.0,,,,D,2024-05-16_08h53.32.485,1.0165385000000242,men,19
IG52,1.0,NAIT,HIGU,54.0,546.9331129000057,541.3002995999971,547.8639966000046,542.231183299996,549.8771552000107,544.2443419000022,deck_data_3.xlsx,deck_C_wins,deck_C_lose,deck_A_wins,deck_A_lose,deck_D_wins,deck_D_lose,deck_B_wins,deck_B_lose,0.6666666666666666,0.0,0.3333333333333333,1.0,0.6666666666666666,1.0,4.0,115.0,156.0,3866.0,2553.0,1313.0,1883.0,1.0,852.0,300.0,900.0,800.0,603.0,454.0,1511.0,999.0,19.0,10.0,11.0,14.0,44.8421052631579,15.789473684210526,29.05263157894737,90.0,80.0,10.0,54.81818181818182,41.27272727272727,13.545454545454549,107.92857142857144,71.35714285714286,36.57142857142857,8.0,,,,D,2024-05-16_08h53.32.485,0.930883699998958,men,19
IG52,1.0,NAIT,HIGU,55.0,549.9100020000042,544.2771886999956,551.8775325000024,546.2447191999938,553.889928900011,548.2571156000024,deck_data_3.xlsx,deck_C_wins,deck_C_lose,deck_A_wins,deck_A_lose,deck_D_wins,deck_D_lose,deck_B_wins,deck_B_lose,0.6666666666666666,0.0,0.3333333333333333,1.0,0.6666666666666666,1.0,1.0,48.0,0.0,3914.0,2553.0,1361.0,1931.0,0.6666666666666666,900.0,300.0,900.0,800.0,603.0,454.0,1511.0,999.0,20.0,10.0,11.0,14.0,45.0,15.0,30.0,90.0,80.0,10.0,54.81818181818182,41.27272727272727,13.545454545454549,107.92857142857144,71.35714285714286,36.57142857142857,8.0,,,,D,2024-05-16_08h53.32.485,1.9675304999982477,men,19
IG52,1.0,NAIT,HIGU,56.0,553.919962800006,548.2871494999974,554.6083099000098,548.9754966000012,556.6202660000126,550.987452700004,deck_data_3.xlsx,deck_C_wins,deck_C_lose,deck_A_wins,deck_A_lose,deck_D_wins,deck_D_lose,deck_B_wins,deck_B_lose,0.6666666666666666,0.0,0.3333333333333333,1.0,0.6666666666666666,1.0,1.0,51.0,0.0,3965.0,2553.0,1412.0,1982.0,0.6666666666666666,951.0,300.0,900.0,800.0,603.0,454.0,1511.0,999.0,21.0,10.0,11.0,14.0,45.285714285714285,14.285714285714286,31.0,90.0,80.0,10.0,54.81818181818182,41.27272727272727,13.545454545454549,107.92857142857144,71.35714285714286,36.57142857142857,8.0,,,,D,2024-05-16_08h53.32.485,0.6883471000037389,men,19
IG52,1.0,NAIT,HIGU,57.0,556.6449379000114,551.0121246000028,558.2203136000026,552.587500299994,560.2335129999992,554.6006996999906,deck_data_3.xlsx,deck_C_wins,deck_C_lose,deck_A_wins,deck_A_lose,deck_D_wins,deck_D_lose,deck_B_wins,deck_B_lose,0.6666666666666666,0.0,0.3333333333333333,1.0,0.6666666666666666,1.0,3.0,55.0,0.0,4020.0,2553.0,1467.0,2037.0,0.3333333333333333,951.0,300.0,900.0,800.0,658.0,454.0,1511.0,999.0,21.0,10.0,12.0,14.0,45.285714285714285,14.285714285714286,31.0,90.0,80.0,10.0,54.833333333333336,37.833333333333336,17.0,107.92857142857144,71.35714285714286,36.57142857142857,8.0,,,,D,2024-05-16_08h53.32.485,1.5753756999911277,men,19
IG52,1.0,NAIT,HIGU,58.0,560.2607660000067,554.6279526999981,560.701525299999,555.0687119999905,562.714034500008,557.0812211999994,deck_data_3.xlsx,deck_C_wins,deck_C_lose,deck_A_wins,deck_A_lose,deck_D_wins,deck_D_lose,deck_B_wins,deck_B_lose,0.6666666666666666,0.0,0.3333333333333333,1.0,0.6666666666666666,1.0,3.0,66.0,56.0,4086.0,2609.0,1477.0,2047.0,0.3333333333333333,951.0,300.0,900.0,800.0,724.0,510.0,1511.0,999.0,21.0,10.0,13.0,14.0,45.285714285714285,14.285714285714286,31.0,90.0,80.0,10.0,55.69230769230769,39.23076923076923,16.46153846153846,107.92857142857144,71.35714285714286,36.57142857142857,8.0,,,,D,2024-05-16_08h53.32.485,0.4407592999923508,men,19
IG52,1.0,NAIT,HIGU,59.0,562.7500517000008,557.1172383999922,563.8651188000076,558.232305499999,565.8772988000128,560.2444855000042,deck_data_3.xlsx,deck_C_wins,deck_C_lose,deck_A_wins,deck_A_lose,deck_D_wins,deck_D_lose,deck_B_wins,deck_B_lose,0.6666666666666666,0.0,0.3333333333333333,1.0,0.6666666666666666,1.0,1.0,33.0,0.0,4119.0,2609.0,1510.0,2080.0,0.6666666666666666,984.0,300.0,900.0,800.0,724.0,510.0,1511.0,999.0,22.0,10.0,13.0,14.0,44.72727272727273,13.636363636363637,31.09090909090909,90.0,80.0,10.0,55.69230769230769,39.23076923076923,16.46153846153846,107.92857142857144,71.35714285714286,36.57142857142857,8.0,,,,D,2024-05-16_08h53.32.485,1.1150671000068542,men,19
IG52,1.0,NAIT,HIGU,60.0,565.9039873000002,560.2711739999916,567.0627621000021,561.4299487999936,569.0747524000035,563.4419390999949,deck_data_3.xlsx,deck_C_wins,deck_C_lose,deck_A_wins,deck_A_lose,deck_D_wins,deck_D_lose,deck_B_wins,deck_B_lose,0.6666666666666666,0.0,0.3333333333333333,1.0,0.6666666666666666,1.0,1.0,59.0,0.0,4178.0,2609.0,1569.0,2139.0,0.6666666666666666,1043.0,300.0,900.0,800.0,724.0,510.0,1511.0,999.0,23.0,10.0,13.0,14.0,45.34782608695652,13.043478260869565,32.30434782608696,90.0,80.0,10.0,55.69230769230769,39.23076923076923,16.46153846153846,107.92857142857144,71.35714285714286,36.57142857142857,8.0,,,,D,2024-05-16_08h53.32.485,1.1587748000019928,men,19
IG52,1.0,NAIT,HIGU,61.0,569.109099600013,563.4762863000044,570.3416023000027,564.7087889999941,572.3565450000024,566.7237316999938,deck_data_3.xlsx,deck_C_wins,deck_C_lose,deck_A_wins,deck_A_lose,deck_D_wins,deck_D_lose,deck_B_wins,deck_B_lose,0.6666666666666666,0.0,0.3333333333333333,1.0,0.6666666666666666,1.0,4.0,116.0,0.0,4294.0,2609.0,1685.0,2255.0,1.0,1043.0,300.0,900.0,800.0,724.0,510.0,1627.0,999.0,23.0,10.0,13.0,15.0,45.34782608695652,13.043478260869565,32.30434782608696,90.0,80.0,10.0,55.69230769230769,39.23076923076923,16.46153846153846,108.46666666666668,66.6,41.866666666666674,8.0,,,,D,2024-05-16_08h53.32.485,1.232502699989709,men,19
IG52,1.0,NAIT,HIGU,62.0,572.377095200005,566.7442818999964,573.2561956999998,567.6233823999912,575.268150200005,569.6353368999964,deck_data_3.xlsx,deck_C_wins,deck_C_lose,deck_A_wins,deck_A_lose,deck_D_wins,deck_D_lose,deck_B_wins,deck_B_lose,0.6666666666666666,0.0,0.3333333333333333,1.0,0.6666666666666666,1.0,4.0,90.0,0.0,4384.0,2609.0,1775.0,2345.0,1.0,1043.0,300.0,900.0,800.0,724.0,510.0,1717.0,999.0,23.0,10.0,13.0,16.0,45.34782608695652,13.043478260869565,32.30434782608696,90.0,80.0,10.0,55.69230769230769,39.23076923076923,16.46153846153846,107.3125,62.4375,44.875,8.0,,,,D,2024-05-16_08h53.32.485,0.87910049999482,men,19
IG52,1.0,NAIT,HIGU,63.0,575.2929590000131,569.6601457000045,576.4024089000013,570.7695955999927,578.415175400005,572.7823620999964,deck_data_3.xlsx,deck_C_wins,deck_C_lose,deck_A_wins,deck_A_lose,deck_D_wins,deck_D_lose,deck_B_wins,deck_B_lose,0.6666666666666666,0.0,0.3333333333333333,1.0,0.6666666666666666,1.0,1.0,46.0,0.0,4430.0,2609.0,1821.0,2391.0,0.6666666666666666,1089.0,300.0,900.0,800.0,724.0,510.0,1717.0,999.0,24.0,10.0,13.0,16.0,45.375,12.5,32.875,90.0,80.0,10.0,55.69230769230769,39.23076923076923,16.46153846153846,107.3125,62.4375,44.875,8.0,,,,D,2024-05-16_08h53.32.485,1.109449899988249,men,19
IG52,1.0,NAIT,HIGU,64.0,578.4455378999992,572.8127245999906,578.9501285000006,573.317315199992,580.9624145000125,575.3296012000039,deck_data_3.xlsx,deck_C_wins,deck_C_lose,deck_A_wins,deck_A_lose,deck_D_wins,deck_D_lose,deck_B_wins,deck_B_lose,0.6666666666666666,0.0,0.3333333333333333,1.0,0.6666666666666666,1.0,1.0,59.0,41.0,4489.0,2650.0,1839.0,2409.0,0.6666666666666666,1148.0,341.0,900.0,800.0,724.0,510.0,1717.0,999.0,25.0,10.0,13.0,16.0,45.92,13.64,32.28,90.0,80.0,10.0,55.69230769230769,39.23076923076923,16.46153846153846,107.3125,62.4375,44.875,8.0,,,,D,2024-05-16_08h53.32.485,0.5045906000013929,men,19
IG52,1.0,NAIT,HIGU,65.0,580.9971404000098,575.3643271000012,581.5647031000117,575.9318898000031,583.5763872000098,577.9435739000012,deck_data_3.xlsx,deck_C_wins,deck_C_lose,deck_A_wins,deck_A_lose,deck_D_wins,deck_D_lose,deck_B_wins,deck_B_lose,0.6666666666666666,0.0,0.3333333333333333,1.0,0.6666666666666666,1.0,2.0,116.0,219.0,4605.0,2869.0,1736.0,2306.0,0.0,1148.0,341.0,1016.0,1019.0,724.0,510.0,1717.0,999.0,25.0,11.0,13.0,16.0,45.92,13.64,32.28,92.36363636363636,92.63636363636364,-0.2727272727272805,55.69230769230769,39.23076923076923,16.46153846153846,107.3125,62.4375,44.875,8.0,,,,D,2024-05-16_08h53.32.485,0.5675627000018721,men,19
IG52,1.0,NAIT,HIGU,66.0,583.6012590000028,577.9684456999942,584.3614798000053,578.7286664999967,586.3742615000083,580.7414481999997,deck_data_3.xlsx,deck_C_wins,deck_C_lose,deck_A_wins,deck_A_lose,deck_D_wins,deck_D_lose,deck_B_wins,deck_B_lose,0.6666666666666666,0.0,0.3333333333333333,1.0,0.6666666666666666,1.0,3.0,50.0,0.0,4655.0,2869.0,1786.0,2356.0,0.3333333333333333,1148.0,341.0,1016.0,1019.0,774.0,510.0,1717.0,999.0,25.0,11.0,14.0,16.0,45.92,13.64,32.28,92.36363636363636,92.63636363636364,-0.2727272727272805,55.285714285714285,36.42857142857143,18.85714285714285,107.3125,62.4375,44.875,8.0,,,,D,2024-05-16_08h53.32.485,0.7602208000025712,men,19
IG52,1.0,NAIT,HIGU,67.0,586.3980125000089,580.7651992000003,587.1257876000018,581.4929742999932,589.1373272000055,583.5045138999969,deck_data_3.xlsx,deck_C_wins,deck_C_lose,deck_A_wins,deck_A_lose,deck_D_wins,deck_D_lose,deck_B_wins,deck_B_lose,0.6666666666666666,0.0,0.3333333333333333,1.0,0.6666666666666666,1.0,3.0,47.0,0.0,4702.0,2869.0,1833.0,2403.0,0.3333333333333333,1148.0,341.0,1016.0,1019.0,821.0,510.0,1717.0,999.0,25.0,11.0,15.0,16.0,45.92,13.64,32.28,92.36363636363636,92.63636363636364,-0.2727272727272805,54.73333333333333,34.0,20.73333333333333,107.3125,62.4375,44.875,8.0,,,,D,2024-05-16_08h53.32.485,0.7277750999928685,men,19
IG52,1.0,NAIT,HIGU,68.0,589.1506086000009,583.5177952999923,590.1231145000056,584.490301199997,592.1362551000057,586.5034417999971,deck_data_3.xlsx,deck_C_wins,deck_C_lose,deck_A_wins,deck_A_lose,deck_D_wins,deck_D_lose,deck_B_wins,deck_B_lose,0.6666666666666666,0.0,0.3333333333333333,1.0,0.6666666666666666,1.0,1.0,32.0,33.0,4734.0,2902.0,1832.0,2402.0,0.6666666666666666,1180.0,374.0,1016.0,1019.0,821.0,510.0,1717.0,999.0,26.0,11.0,15.0,16.0,45.38461538461539,14.384615384615383,31.0,92.36363636363636,92.63636363636364,-0.2727272727272805,54.73333333333333,34.0,20.73333333333333,107.3125,62.4375,44.875,8.0,,,,D,2024-05-16_08h53.32.485,0.9725059000047622,men,19
IG52,1.0,NAIT,HIGU,69.0,592.1741432000126,586.541329900004,592.8368248000043,587.2040114999957,594.8488639999996,589.216050699991,deck_data_3.xlsx,deck_C_wins,deck_C_lose,deck_A_wins,deck_A_lose,deck_D_wins,deck_D_lose,deck_B_wins,deck_B_lose,0.6666666666666666,0.0,0.3333333333333333,1.0,0.6666666666666666,1.0,4.0,130.0,106.0,4864.0,3008.0,1856.0,2426.0,1.0,1180.0,374.0,1016.0,1019.0,821.0,510.0,1847.0,1105.0,26.0,11.0,15.0,17.0,45.38461538461539,14.384615384615383,31.0,92.36363636363636,92.63636363636364,-0.2727272727272805,54.73333333333333,34.0,20.73333333333333,108.6470588235294,65.0,43.647058823529406,8.0,,,,D,2024-05-16_08h53.32.485,0.6626815999916289,men,19
IG52,1.0,NAIT,HIGU,70.0,594.8896619000006,589.256848599992,595.4822765999998,589.8494632999912,597.4963874000096,591.863574100001,deck_data_3.xlsx,deck_C_wins,deck_C_lose,deck_A_wins,deck_A_lose,deck_D_wins,deck_D_lose,deck_B_wins,deck_B_lose,0.6666666666666666,0.0,0.3333333333333333,1.0,0.6666666666666666,1.0,2.0,104.0,0.0,4968.0,3008.0,1960.0,2530.0,0.0,1180.0,374.0,1120.0,1019.0,821.0,510.0,1847.0,1105.0,26.0,12.0,15.0,17.0,45.38461538461539,14.384615384615383,31.0,93.33333333333331,84.91666666666667,8.416666666666657,54.73333333333333,34.0,20.73333333333333,108.6470588235294,65.0,43.647058823529406,8.0,,,,D,2024-05-16_08h53.32.485,0.5926146999991033,men,19
IG52,1.0,NAIT,HIGU,71.0,597.5217160000029,591.8889026999943,597.881979400001,592.2491660999924,599.8937724999996,594.260959199991,deck_data_3.xlsx,deck_C_wins,deck_C_lose,deck_A_wins,deck_A_lose,deck_D_wins,deck_D_lose,deck_B_wins,deck_B_lose,0.6666666666666666,0.0,0.3333333333333333,1.0,0.6666666666666666,1.0,2.0,77.0,111.0,5045.0,3119.0,1926.0,2496.0,0.0,1180.0,374.0,1197.0,1130.0,821.0,510.0,1847.0,1105.0,26.0,13.0,15.0,17.0,45.38461538461539,14.384615384615383,31.0,92.07692307692308,86.92307692307692,5.15384615384616,54.73333333333333,34.0,20.73333333333333,108.6470588235294,65.0,43.647058823529406,8.0,,,,D,2024-05-16_08h53.32.485,0.3602633999980753,men,19
IG52,1.0,NAIT,HIGU,72.0,599.9203020000132,594.2874887000046,600.8281334000058,595.1953200999972,602.8408193000068,597.2080059999982,deck_data_3.xlsx,deck_C_wins,deck_C_lose,deck_A_wins,deck_A_lose,deck_D_wins,deck_D_lose,deck_B_wins,deck_B_lose,0.6666666666666666,0.0,0.3333333333333333,1.0,0.6666666666666666,1.0,4.0,121.0,179.0,5166.0,3298.0,1868.0,2438.0,1.0,1180.0,374.0,1197.0,1130.0,821.0,510.0,1968.0,1284.0,26.0,13.0,15.0,18.0,45.38461538461539,14.384615384615383,31.0,92.07692307692308,86.92307692307692,5.15384615384616,54.73333333333333,34.0,20.73333333333333,109.33333333333331,71.33333333333333,38.0,8.0,,,,D,2024-05-16_08h53.32.485,0.907831399992574,men,19
IG52,1.0,NAIT,HIGU,73.0,602.8674702999997,597.2346569999911,604.6417496000067,599.0089362999981,606.6536913000018,601.0208779999932,deck_data_3.xlsx,deck_C_wins,deck_C_lose,deck_A_wins,deck_A_lose,deck_D_wins,deck_D_lose,deck_B_wins,deck_B_lose,0.6666666666666666,0.0,0.3333333333333333,1.0,0.6666666666666666,1.0,3.0,47.0,68.0,5213.0,3366.0,1847.0,2417.0,0.3333333333333333,1180.0,374.0,1197.0,1130.0,868.0,578.0,1968.0,1284.0,26.0,13.0,16.0,18.0,45.38461538461539,14.384615384615383,31.0,92.07692307692308,86.92307692307692,5.15384615384616,54.25,36.125,18.125,109.33333333333331,71.33333333333333,38.0,8.0,,,,D,2024-05-16_08h53.32.485,1.7742793000070378,men,19
IG52,1.0,NAIT,HIGU,74.0,606.6870817000017,601.0542683999931,607.2050933999999,601.5722800999913,609.2177860000083,603.5849726999998,deck_data_3.xlsx,deck_C_wins,deck_C_lose,deck_A_wins,deck_A_lose,deck_D_wins,deck_D_lose,deck_B_wins,deck_B_lose,0.6666666666666666,0.0,0.3333333333333333,1.0,0.6666666666666666,1.0,1.0,47.0,31.0,5260.0,3397.0,1863.0,2433.0,0.6666666666666666,1227.0,405.0,1197.0,1130.0,868.0,578.0,1968.0,1284.0,27.0,13.0,16.0,18.0,45.44444444444444,15.0,30.444444444444443,92.07692307692308,86.92307692307692,5.15384615384616,54.25,36.125,18.125,109.33333333333331,71.33333333333333,38.0,8.0,,,,D,2024-05-16_08h53.32.485,0.5180116999981692,men,19
IG52,1.0,NAIT,HIGU,75.0,609.2532826000097,603.6204693000011,609.735949000009,604.1031357000004,611.7487643000059,606.1159509999973,deck_data_3.xlsx,deck_C_wins,deck_C_lose,deck_A_wins,deck_A_lose,deck_D_wins,deck_D_lose,deck_B_wins,deck_B_lose,0.6666666666666666,0.0,0.3333333333333333,1.0,0.6666666666666666,1.0,1.0,32.0,0.0,5292.0,3397.0,1895.0,2465.0,0.6666666666666666,1259.0,405.0,1197.0,1130.0,868.0,578.0,1968.0,1284.0,28.0,13.0,16.0,18.0,44.96428571428572,14.464285714285714,30.5,92.07692307692308,86.92307692307692,5.15384615384616,54.25,36.125,18.125,109.33333333333331,71.33333333333333,38.0,8.0,,,,D,2024-05-16_08h53.32.485,0.4826663999992888,men,19
IG52,1.0,NAIT,HIGU,76.0,611.7775949000061,606.1447815999975,612.5005153000093,606.8677020000007,614.5126989000128,608.8798856000042,deck_data_3.xlsx,deck_C_wins,deck_C_lose,deck_A_wins,deck_A_lose,deck_D_wins,deck_D_lose,deck_B_wins,deck_B_lose,0.6666666666666666,0.0,0.3333333333333333,1.0,0.6666666666666666,1.0,1.0,42.0,0.0,5334.0,3397.0,1937.0,2507.0,0.6666666666666666,1301.0,405.0,1197.0,1130.0,868.0,578.0,1968.0,1284.0,29.0,13.0,16.0,18.0,44.86206896551724,13.96551724137931,30.89655172413793,92.07692307692308,86.92307692307692,5.15384615384616,54.25,36.125,18.125,109.33333333333331,71.33333333333333,38.0,8.0,,,,D,2024-05-16_08h53.32.485,0.7229204000032041,men,19
IG52,1.0,NAIT,HIGU,77.0,614.5407013000076,608.907887999999,615.1305947000074,609.4977813999988,617.1433095000102,611.5104962000016,deck_data_3.xlsx,deck_C_wins,deck_C_lose,deck_A_wins,deck_A_lose,deck_D_wins,deck_D_lose,deck_B_wins,deck_B_lose,0.6666666666666666,0.0,0.3333333333333333,1.0,0.6666666666666666,1.0,1.0,49.0,45.0,5383.0,3442.0,1941.0,2511.0,0.6666666666666666,1350.0,450.0,1197.0,1130.0,868.0,578.0,1968.0,1284.0,30.0,13.0,16.0,18.0,45.0,15.0,30.0,92.07692307692308,86.92307692307692,5.15384615384616,54.25,36.125,18.125,109.33333333333331,71.33333333333333,38.0,8.0,,,,D,2024-05-16_08h53.32.485,0.5898933999997098,men,19
IG52,1.0,NAIT,HIGU,78.0,617.1729735000117,611.5401602000031,618.5112112000061,612.8783978999975,620.5232493000076,614.890435999999,deck_data_3.xlsx,deck_C_wins,deck_C_lose,deck_A_wins,deck_A_lose,deck_D_wins,deck_D_lose,deck_B_wins,deck_B_lose,0.6666666666666666,0.0,0.3333333333333333,1.0,0.6666666666666666,1.0,4.0,130.0,0.0,5513.0,3442.0,2071.0,2641.0,1.0,1350.0,450.0,1197.0,1130.0,868.0,578.0,2098.0,1284.0,30.0,13.0,16.0,19.0,45.0,15.0,30.0,92.07692307692308,86.92307692307692,5.15384615384616,54.25,36.125,18.125,110.42105263157896,67.57894736842105,42.84210526315789,8.0,,,,D,2024-05-16_08h53.32.485,1.3382376999943515,men,19
IG52,1.0,NAIT,HIGU,79.0,620.5568292000098,614.9240159000012,622.2243671000033,616.5915537999947,624.238471500008,618.6056581999994,deck_data_3.xlsx,deck_C_wins,deck_C_lose,deck_A_wins,deck_A_lose,deck_D_wins,deck_D_lose,deck_B_wins,deck_B_lose,0.6666666666666666,0.0,0.3333333333333333,1.0,0.6666666666666666,1.0,2.0,76.0,312.0,5589.0,3754.0,1835.0,2405.0,0.0,1350.0,450.0,1273.0,1442.0,868.0,578.0,2098.0,1284.0,30.0,14.0,16.0,19.0,45.0,15.0,30.0,90.92857142857144,103.0,-12.07142857142857,54.25,36.125,18.125,110.42105263157896,67.57894736842105,42.84210526315789,8.0,,,,D,2024-05-16_08h53.32.485,1.6675378999934765,men,19
IG52,1.0,NAIT,HIGU,80.0,624.2671601000038,618.6343467999952,625.6699009000004,620.0370875999918,627.6828307000105,622.0500174000019,deck_data_3.xlsx,deck_C_wins,deck_C_lose,deck_A_wins,deck_A_lose,deck_D_wins,deck_D_lose,deck_B_wins,deck_B_lose,0.6666666666666666,0.0,0.3333333333333333,1.0,0.6666666666666666,1.0,4.0,102.0,116.0,5691.0,3870.0,1821.0,2391.0,1.0,1350.0,450.0,1273.0,1442.0,868.0,578.0,2200.0,1400.0,30.0,14.0,16.0,20.0,45.0,15.0,30.0,90.92857142857144,103.0,-12.07142857142857,54.25,36.125,18.125,110.0,70.0,40.0,8.0,,,,D,2024-05-16_08h53.32.485,1.4027407999965362,men,19
IG52,1.0,NAIT,HIGU,81.0,627.7168231000105,622.0840098000019,628.1851549999992,622.5523416999906,630.213771499999,624.5809581999904,deck_data_3.xlsx,deck_C_wins,deck_C_lose,deck_A_wins,deck_A_lose,deck_D_wins,deck_D_lose,deck_B_wins,deck_B_lose,0.6666666666666666,0.0,0.3333333333333333,1.0,0.6666666666666666,1.0,3.0,61.0,61.0,5752.0,3931.0,1821.0,2391.0,0.3333333333333333,1350.0,450.0,1273.0,1442.0,929.0,639.0,2200.0,1400.0,30.0,14.0,17.0,20.0,45.0,15.0,30.0,90.92857142857144,103.0,-12.07142857142857,54.64705882352941,37.588235294117645,17.058823529411768,110.0,70.0,40.0,8.0,,,,D,2024-05-16_08h53.32.485,0.4683318999886978,men,19
IG52,1.0,NAIT,HIGU,82.0,630.2501503000094,624.6173370000008,630.2829200000124,624.6501067000038,632.2945458000031,626.6617324999945,deck_data_3.xlsx,deck_C_wins,deck_C_lose,deck_A_wins,deck_A_lose,deck_D_wins,deck_D_lose,deck_B_wins,deck_B_lose,0.6666666666666666,0.0,0.3333333333333333,1.0,0.6666666666666666,1.0,1.0,41.0,0.0,5793.0,3931.0,1862.0,2432.0,0.6666666666666666,1391.0,450.0,1273.0,1442.0,929.0,639.0,2200.0,1400.0,31.0,14.0,17.0,20.0,44.87096774193548,14.516129032258064,30.354838709677416,90.92857142857144,103.0,-12.07142857142857,54.64705882352941,37.588235294117645,17.058823529411768,110.0,70.0,40.0,8.0,,,,D,2024-05-16_08h53.32.485,0.0327697000029729,men,19
IG52,1.0,NAIT,HIGU,83.0,632.3204898000113,626.6876765000027,632.9636525000096,627.330839200001,634.9761533000128,629.3433400000042,deck_data_3.xlsx,deck_C_wins,deck_C_lose,deck_A_wins,deck_A_lose,deck_D_wins,deck_D_lose,deck_B_wins,deck_B_lose,0.6666666666666666,0.0,0.3333333333333333,1.0,0.6666666666666666,1.0,1.0,42.0,0.0,5835.0,3931.0,1904.0,2474.0,0.6666666666666666,1433.0,450.0,1273.0,1442.0,929.0,639.0,2200.0,1400.0,32.0,14.0,17.0,20.0,44.78125,14.0625,30.71875,90.92857142857144,103.0,-12.07142857142857,54.64705882352941,37.588235294117645,17.058823529411768,110.0,70.0,40.0,8.0,,,,D,2024-05-16_08h53.32.485,0.6431626999983564,men,19
IG52,1.0,NAIT,HIGU,84.0,635.0099727000052,629.3771593999966,635.4947247000091,629.8619114000005,637.5064446000033,631.8736312999947,deck_data_3.xlsx,deck_C_wins,deck_C_lose,deck_A_wins,deck_A_lose,deck_D_wins,deck_D_lose,deck_B_wins,deck_B_lose,0.6666666666666666,0.0,0.3333333333333333,1.0,0.6666666666666666,1.0,1.0,54.0,0.0,5889.0,3931.0,1958.0,2528.0,0.6666666666666666,1487.0,450.0,1273.0,1442.0,929.0,639.0,2200.0,1400.0,33.0,14.0,17.0,20.0,45.06060606060606,13.636363636363637,31.424242424242426,90.92857142857144,103.0,-12.07142857142857,54.64705882352941,37.588235294117645,17.058823529411768,110.0,70.0,40.0,8.0,,,,D,2024-05-16_08h53.32.485,0.4847520000039367,men,19
IG52,1.0,NAIT,HIGU,85.0,637.537153199999,631.9043398999904,637.9907118000119,632.3578985000033,640.004506000012,634.3716927000035,deck_data_3.xlsx,deck_C_wins,deck_C_lose,deck_A_wins,deck_A_lose,deck_D_wins,deck_D_lose,deck_B_wins,deck_B_lose,0.6666666666666666,0.0,0.3333333333333333,1.0,0.6666666666666666,1.0,1.0,32.0,30.0,5921.0,3961.0,1960.0,2530.0,0.6666666666666666,1519.0,480.0,1273.0,1442.0,929.0,639.0,2200.0,1400.0,34.0,14.0,17.0,20.0,44.6764705882353,14.117647058823527,30.558823529411768,90.92857142857144,103.0,-12.07142857142857,54.64705882352941,37.588235294117645,17.058823529411768,110.0,70.0,40.0,8.0,,,,D,2024-05-16_08h53.32.485,0.4535586000129115,men,19
IG52,1.0,NAIT,HIGU,86.0,640.0369939000084,634.4041805999998,640.5556650000071,634.9228516999985,642.5682437000069,636.9354303999983,deck_data_3.xlsx,deck_C_wins,deck_C_lose,deck_A_wins,deck_A_lose,deck_D_wins,deck_D_lose,deck_B_wins,deck_B_lose,0.6666666666666666,0.0,0.3333333333333333,1.0,0.6666666666666666,1.0,4.0,109.0,0.0,6030.0,3961.0,2069.0,2639.0,1.0,1519.0,480.0,1273.0,1442.0,929.0,639.0,2309.0,1400.0,34.0,14.0,17.0,21.0,44.6764705882353,14.117647058823527,30.558823529411768,90.92857142857144,103.0,-12.07142857142857,54.64705882352941,37.588235294117645,17.058823529411768,109.95238095238096,66.66666666666667,43.28571428571428,8.0,,,,D,2024-05-16_08h53.32.485,0.5186710999987554,men,19
IG52,1.0,NAIT,HIGU,87.0,642.5976724000066,636.964859099998,643.0370937000116,637.404280400003,645.0489029000018,639.4160895999933,deck_data_3.xlsx,deck_C_wins,deck_C_lose,deck_A_wins,deck_A_lose,deck_D_wins,deck_D_lose,deck_B_wins,deck_B_lose,0.6666666666666666,0.0,0.3333333333333333,1.0,0.6666666666666666,1.0,4.0,126.0,0.0,6156.0,3961.0,2195.0,2765.0,1.0,1519.0,480.0,1273.0,1442.0,929.0,639.0,2435.0,1400.0,34.0,14.0,17.0,22.0,44.6764705882353,14.117647058823527,30.558823529411768,90.92857142857144,103.0,-12.07142857142857,54.64705882352941,37.588235294117645,17.058823529411768,110.6818181818182,63.63636363636363,47.04545454545456,8.0,,,,D,2024-05-16_08h53.32.485,0.4394213000050513,men,19
IG52,1.0,NAIT,HIGU,88.0,645.0844617000112,639.4516484000026,645.5012573000131,639.8684440000045,647.5134430000035,641.8806296999949,deck_data_3.xlsx,deck_C_wins,deck_C_lose,deck_A_wins,deck_A_lose,deck_D_wins,deck_D_lose,deck_B_wins,deck_B_lose,0.6666666666666666,0.0,0.3333333333333333,1.0,0.6666666666666666,1.0,4.0,100.0,135.0,6256.0,4096.0,2160.0,2730.0,1.0,1519.0,480.0,1273.0,1442.0,929.0,639.0,2535.0,1535.0,34.0,14.0,17.0,23.0,44.6764705882353,14.117647058823527,30.558823529411768,90.92857142857144,103.0,-12.07142857142857,54.64705882352941,37.588235294117645,17.058823529411768,110.21739130434784,66.73913043478261,43.47826086956522,8.0,,,,D,2024-05-16_08h53.32.485,0.416795600001933,men,19
IG52,1.0,NAIT,HIGU,89.0,647.5394008000003,641.9065874999917,647.9489150000009,642.3161016999923,649.9607688000106,644.327955500002,deck_data_3.xlsx,deck_C_wins,deck_C_lose,deck_A_wins,deck_A_lose,deck_D_wins,deck_D_lose,deck_B_wins,deck_B_lose,0.6666666666666666,0.0,0.3333333333333333,1.0,0.6666666666666666,1.0,2.0,70.0,0.0,6326.0,4096.0,2230.0,2800.0,0.0,1519.0,480.0,1343.0,1442.0,929.0,639.0,2535.0,1535.0,34.0,15.0,17.0,23.0,44.6764705882353,14.117647058823527,30.558823529411768,89.53333333333333,96.13333333333334,-6.6000000000000085,54.64705882352941,37.588235294117645,17.058823529411768,110.21739130434784,66.73913043478261,43.47826086956522,8.0,,,,D,2024-05-16_08h53.32.485,0.409514200000558,men,19
IG52,1.0,NAIT,HIGU,90.0,649.9911589000112,644.3583456000026,650.480109000011,644.8472957000024,652.4914770000032,646.8586636999946,deck_data_3.xlsx,deck_C_wins,deck_C_lose,deck_A_wins,deck_A_lose,deck_D_wins,deck_D_lose,deck_B_wins,deck_B_lose,0.6666666666666666,0.0,0.3333333333333333,1.0,0.6666666666666666,1.0,2.0,83.0,158.0,6409.0,4254.0,2155.0,2725.0,0.0,1519.0,480.0,1426.0,1600.0,929.0,639.0,2535.0,1535.0,34.0,16.0,17.0,23.0,44.6764705882353,14.117647058823527,30.558823529411768,89.125,100.0,-10.875,54.64705882352941,37.588235294117645,17.058823529411768,110.21739130434784,66.73913043478261,43.47826086956522,8.0,,,,D,2024-05-16_08h53.32.485,0.4889500999997835,men,19
IG52,1.0,NAIT,HIGU,91.0,652.5155009000009,646.8826875999923,653.0106116000097,647.3777983000011,655.0224226999999,649.3896093999913,deck_data_3.xlsx,deck_C_wins,deck_C_lose,deck_A_wins,deck_A_lose,deck_D_wins,deck_D_lose,deck_B_wins,deck_B_lose,0.6666666666666666,0.0,0.3333333333333333,1.0,0.6666666666666666,1.0,3.0,67.0,0.0,6476.0,4254.0,2222.0,2792.0,0.3333333333333333,1519.0,480.0,1426.0,1600.0,996.0,639.0,2535.0,1535.0,34.0,16.0,18.0,23.0,44.6764705882353,14.117647058823527,30.558823529411768,89.125,100.0,-10.875,55.333333333333336,35.5,19.833333333333336,110.21739130434784,66.73913043478261,43.47826086956522,8.0,,,,D,2024-05-16_08h53.32.485,0.4951107000088086,men,19
IG52,1.0,NAIT,HIGU,92.0,655.0478631000005,649.415049799992,655.4080720000056,649.775258699997,657.4200319000083,651.7872185999997,deck_data_3.xlsx,deck_C_wins,deck_C_lose,deck_A_wins,deck_A_lose,deck_D_wins,deck_D_lose,deck_B_wins,deck_B_lose,0.6666666666666666,0.0,0.3333333333333333,1.0,0.6666666666666666,1.0,3.0,57.0,0.0,6533.0,4254.0,2279.0,2849.0,0.3333333333333333,1519.0,480.0,1426.0,1600.0,1053.0,639.0,2535.0,1535.0,34.0,16.0,19.0,23.0,44.6764705882353,14.117647058823527,30.558823529411768,89.125,100.0,-10.875,55.42105263157895,33.63157894736842,21.789473684210527,110.21739130434784,66.73913043478261,43.47826086956522,8.0,,,,D,2024-05-16_08h53.32.485,0.360208900005091,men,19
IG52,1.0,NAIT,HIGU,93.0,657.4542330000113,651.8214197000027,657.8382061000011,652.2053927999925,659.8513092000067,654.2184958999981,deck_data_3.xlsx,deck_C_wins,deck_C_lose,deck_A_wins,deck_A_lose,deck_D_wins,deck_D_lose,deck_B_wins,deck_B_lose,0.6666666666666666,0.0,0.3333333333333333,1.0,0.6666666666666666,1.0,3.0,47.0,61.0,6580.0,4315.0,2265.0,2835.0,0.3333333333333333,1519.0,480.0,1426.0,1600.0,1100.0,700.0,2535.0,1535.0,34.0,16.0,20.0,23.0,44.6764705882353,14.117647058823527,30.558823529411768,89.125,100.0,-10.875,55.0,35.0,20.0,110.21739130434784,66.73913043478261,43.47826086956522,8.0,,,,D,2024-05-16_08h53.32.485,0.3839730999898165,men,19
IG52,1.0,NAIT,HIGU,94.0,659.8740448000026,654.241231499994,660.3201760000084,654.6873626999998,662.3318357000098,656.6990224000012,deck_data_3.xlsx,deck_C_wins,deck_C_lose,deck_A_wins,deck_A_lose,deck_D_wins,deck_D_lose,deck_B_wins,deck_B_lose,0.6666666666666666,0.0,0.3333333333333333,1.0,0.6666666666666666,1.0,1.0,59.0,32.0,6639.0,4347.0,2292.0,2862.0,0.6666666666666666,1578.0,512.0,1426.0,1600.0,1100.0,700.0,2535.0,1535.0,35.0,16.0,20.0,23.0,45.08571428571429,14.628571428571428,30.457142857142863,89.125,100.0,-10.875,55.0,35.0,20.0,110.21739130434784,66.73913043478261,43.47826086956522,8.0,,,,D,2024-05-16_08h53.32.485,0.446131200005766,men,19
IG52,1.0,NAIT,HIGU,95.0,662.3695636000048,656.7367502999962,663.0337051000097,657.4008918000011,665.0462275000027,659.4134141999941,deck_data_3.xlsx,deck_C_wins,deck_C_lose,deck_A_wins,deck_A_lose,deck_D_wins,deck_D_lose,deck_B_wins,deck_B_lose,0.6666666666666666,0.0,0.3333333333333333,1.0,0.6666666666666666,1.0,1.0,35.0,50.0,6674.0,4397.0,2277.0,2847.0,0.6666666666666666,1613.0,562.0,1426.0,1600.0,1100.0,700.0,2535.0,1535.0,36.0,16.0,20.0,23.0,44.80555555555556,15.61111111111111,29.194444444444446,89.125,100.0,-10.875,55.0,35.0,20.0,110.21739130434784,66.73913043478261,43.47826086956522,8.0,,,,D,2024-05-16_08h53.32.485,0.6641415000049165,men,19
IG52,1.0,NAIT,HIGU,96.0,665.0751309000043,659.4423175999957,665.5808271999995,659.9480138999909,667.5932843000046,661.960470999996,deck_data_3.xlsx,deck_C_wins,deck_C_lose,deck_A_wins,deck_A_lose,deck_D_wins,deck_D_lose,deck_B_wins,deck_B_lose,0.6666666666666666,0.0,0.3333333333333333,1.0,0.6666666666666666,1.0,4.0,99.0,140.0,6773.0,4537.0,2236.0,2806.0,1.0,1613.0,562.0,1426.0,1600.0,1100.0,700.0,2634.0,1675.0,36.0,16.0,20.0,24.0,44.80555555555556,15.61111111111111,29.194444444444446,89.125,100.0,-10.875,55.0,35.0,20.0,109.75,69.79166666666667,39.95833333333333,8.0,,,,D,2024-05-16_08h53.32.485,0.5056962999951793,men,19
IG52,1.0,NAIT,HIGU,97.0,667.6223757000116,661.989562400003,667.6797944999998,662.0469811999913,669.6914239000034,664.0586105999948,deck_data_3.xlsx,deck_C_wins,deck_C_lose,deck_A_wins,deck_A_lose,deck_D_wins,deck_D_lose,deck_B_wins,deck_B_lose,0.6666666666666666,0.0,0.3333333333333333,1.0,0.6666666666666666,1.0,3.0,64.0,111.0,6837.0,4648.0,2189.0,2759.0,0.3333333333333333,1613.0,562.0,1426.0,1600.0,1164.0,811.0,2634.0,1675.0,36.0,16.0,21.0,24.0,44.80555555555556,15.61111111111111,29.194444444444446,89.125,100.0,-10.875,55.42857142857143,38.61904761904762,16.80952380952381,109.75,69.79166666666667,39.95833333333333,8.0,,,,D,2024-05-16_08h53.32.485,0.0574187999882269,men,19
IG52,1.0,NAIT,HIGU,98.0,669.7286565000104,664.0958432000018,670.3265836000064,664.6937702999978,672.3388084000035,666.7059950999949,deck_data_3.xlsx,deck_C_wins,deck_C_lose,deck_A_wins,deck_A_lose,deck_D_wins,deck_D_lose,deck_B_wins,deck_B_lose,0.6666666666666666,0.0,0.3333333333333333,1.0,0.6666666666666666,1.0,2.0,77.0,0.0,6914.0,4648.0,2266.0,2836.0,0.0,1613.0,562.0,1503.0,1600.0,1164.0,811.0,2634.0,1675.0,36.0,17.0,21.0,24.0,44.80555555555556,15.61111111111111,29.194444444444446,88.41176470588235,94.11764705882354,-5.705882352941188,55.42857142857143,38.61904761904762,16.80952380952381,109.75,69.79166666666667,39.95833333333333,8.0,,,,D,2024-05-16_08h53.32.485,0.5979270999960136,men,19
IG52,1.0,NAIT,HIGU,99.0,672.3693083000107,666.7364950000022,672.8233034000004,667.1904900999918,674.8360758000053,669.2032624999968,deck_data_3.xlsx,deck_C_wins,deck_C_lose,deck_A_wins,deck_A_lose,deck_D_wins,deck_D_lose,deck_B_wins,deck_B_lose,0.6666666666666666,0.0,0.3333333333333333,1.0,0.6666666666666666,1.0,2.0,81.0,0.0,6995.0,4648.0,2347.0,2917.0,0.0,1613.0,562.0,1584.0,1600.0,1164.0,811.0,2634.0,1675.0,36.0,18.0,21.0,24.0,44.80555555555556,15.61111111111111,29.194444444444446,88.0,88.88888888888889,-0.8888888888888857,55.42857142857143,38.61904761904762,16.80952380952381,109.75,69.79166666666667,39.95833333333333,8.0,,,,D,2024-05-16_08h53.32.485,0.4539950999896973,men,19
IG52,1.0,NAIT,HIGU,100.0,674.8624253000016,669.229611999993,675.2716723000049,669.6388589999963,677.2836246000079,671.6508112999993,deck_data_3.xlsx,deck_C_wins,deck_C_lose,deck_A_wins,deck_A_lose,deck_D_wins,deck_D_lose,deck_B_wins,deck_B_lose,0.6666666666666666,0.0,0.3333333333333333,1.0,0.6666666666666666,1.0,2.0,97.0,0.0,7092.0,4648.0,2444.0,3014.0,0.0,1613.0,562.0,1681.0,1600.0,1164.0,811.0,2634.0,1675.0,36.0,19.0,21.0,24.0,44.80555555555556,15.61111111111111,29.194444444444446,88.47368421052632,84.21052631578948,4.263157894736835,55.42857142857143,38.61904761904762,16.80952380952381,109.75,69.79166666666667,39.95833333333333,8.0,,,,D,2024-05-16_08h53.32.485,0.4092470000032335,men,19
IG52,2.0,NAIT,LOWU,1.0,694.8452786000125,689.2124653000039,697.2343970000074,691.6015836999989,699.2452147000004,693.6124013999918,deck_data_2.xlsx,deck_A_wins,deck_A_lose,deck_C_wins,deck_C_lose,deck_D_wins,deck_D_lose,deck_B_wins,deck_B_lose,0.6923076923076923,0.0,0.1538461538461538,1.0,0.6923076923076923,1.0,3.0,53.0,0.0,53.0,0.0,53.0,3067.0,0.1538461538461538,0.0,0.0,0.0,0.0,53.0,0.0,0.0,0.0,0.0,0.0,1.0,0.0,0.0,0.0,0.0,0.0,0.0,0.0,53.0,0.0,53.0,0.0,0.0,0.0,0.0,A,B,C,D,2024-05-16_08h53.32.485,2.389118399994913,men,19
IG52,2.0,NAIT,LOWU,2.0,699.2877529000107,693.6549396000021,699.7803584000067,694.1475450999981,701.7949209000071,696.1621075999985,deck_data_2.xlsx,deck_A_wins,deck_A_lose,deck_C_wins,deck_C_lose,deck_D_wins,deck_D_lose,deck_B_wins,deck_B_lose,0.6923076923076923,0.0,0.1538461538461538,1.0,0.6923076923076923,1.0,3.0,57.0,0.0,110.0,0.0,110.0,3124.0,0.1538461538461538,0.0,0.0,0.0,0.0,110.0,0.0,0.0,0.0,0.0,0.0,2.0,0.0,0.0,0.0,0.0,0.0,0.0,0.0,55.0,0.0,55.0,0.0,0.0,0.0,0.0,A,B,C,D,2024-05-16_08h53.32.485,0.4926054999959888,men,19
IG52,2.0,NAIT,LOWU,3.0,701.8261503000103,696.1933370000017,702.1805806000048,696.5477672999962,704.1902468000044,698.5574334999958,deck_data_2.xlsx,deck_A_wins,deck_A_lose,deck_C_wins,deck_C_lose,deck_D_wins,deck_D_lose,deck_B_wins,deck_B_lose,0.6923076923076923,0.0,0.1538461538461538,1.0,0.6923076923076923,1.0,3.0,45.0,33.0,155.0,0.0,155.0,3169.0,0.1538461538461538,0.0,0.0,0.0,0.0,155.0,33.0,0.0,0.0,0.0,0.0,3.0,0.0,0.0,0.0,0.0,0.0,0.0,0.0,51.66666666666666,11.0,51.66666666666666,0.0,0.0,0.0,1.0,A,B,C,D,2024-05-16_08h53.32.485,0.3544302999944193,men,19
IG52,2.0,NAIT,LOWU,4.0,704.2199601000029,698.5871467999943,704.5248466000048,698.8920332999962,706.5381390000111,700.9053257000025,deck_data_2.xlsx,deck_A_wins,deck_A_lose,deck_C_wins,deck_C_lose,deck_D_wins,deck_D_lose,deck_B_wins,deck_B_lose,0.6923076923076923,0.0,0.1538461538461538,1.0,0.6923076923076923,1.0,3.0,56.0,28.0,211.0,0.0,211.0,3225.0,0.1538461538461538,0.0,0.0,0.0,0.0,211.0,61.0,0.0,0.0,0.0,0.0,4.0,0.0,0.0,0.0,0.0,0.0,0.0,0.0,52.75,15.25,52.75,0.0,0.0,0.0,1.0,A,B,,D,2024-05-16_08h53.32.485,0.304886500001885,men,19
IG52,2.0,NAIT,LOWU,5.0,706.5696318000118,700.9368185000033,707.2887007000099,701.6558874000013,709.3018905000063,703.6690771999977,deck_data_2.xlsx,deck_A_wins,deck_A_lose,deck_C_wins,deck_C_lose,deck_D_wins,deck_D_lose,deck_B_wins,deck_B_lose,0.6923076923076923,0.0,0.1538461538461538,1.0,0.6923076923076923,1.0,2.0,55.0,0.0,266.0,0.0,266.0,3280.0,0.0,0.0,0.0,55.0,0.0,211.0,61.0,0.0,0.0,0.0,1.0,4.0,0.0,0.0,0.0,0.0,55.0,0.0,55.0,52.75,15.25,52.75,0.0,0.0,0.0,1.0,A,B,,D,2024-05-16_08h53.32.485,0.7190688999980921,men,19
IG52,2.0,NAIT,LOWU,6.0,709.3343129000132,703.7014996000046,710.0028759000124,704.3700626000038,712.0158647000062,706.3830513999976,deck_data_2.xlsx,deck_A_wins,deck_A_lose,deck_C_wins,deck_C_lose,deck_D_wins,deck_D_lose,deck_B_wins,deck_B_lose,0.6923076923076923,0.0,0.1538461538461538,1.0,0.6923076923076923,1.0,1.0,83.0,165.0,349.0,0.0,349.0,3363.0,0.6923076923076923,83.0,165.0,55.0,0.0,211.0,61.0,0.0,0.0,1.0,1.0,4.0,0.0,83.0,165.0,83.0,55.0,0.0,55.0,52.75,15.25,52.75,0.0,0.0,0.0,1.0,A,B,,D,2024-05-16_08h53.32.485,0.668562999999267,men,19
IG52,2.0,NAIT,LOWU,7.0,712.0533534000133,706.4205401000047,712.502275100007,706.8694617999984,714.5132964000077,708.8804830999991,deck_data_2.xlsx,deck_A_wins,deck_A_lose,deck_C_wins,deck_C_lose,deck_D_wins,deck_D_lose,deck_B_wins,deck_B_lose,0.6923076923076923,0.0,0.1538461538461538,1.0,0.6923076923076923,1.0,4.0,113.0,0.0,462.0,0.0,462.0,3476.0,1.0,83.0,165.0,55.0,0.0,211.0,61.0,113.0,0.0,1.0,1.0,4.0,1.0,83.0,165.0,83.0,55.0,0.0,55.0,52.75,15.25,52.75,113.0,0.0,113.0,1.0,A,B,,D,2024-05-16_08h53.32.485,0.4489216999936616,men,19
IG52,2.0,NAIT,LOWU,8.0,714.540133100003,708.9073197999944,714.8315985000081,709.1987851999995,716.8466821000038,711.2138687999952,deck_data_2.xlsx,deck_A_wins,deck_A_lose,deck_C_wins,deck_C_lose,deck_D_wins,deck_D_lose,deck_B_wins,deck_B_lose,0.6923076923076923,0.0,0.1538461538461538,1.0,0.6923076923076923,1.0,4.0,112.0,137.0,574.0,0.0,574.0,3588.0,1.0,83.0,165.0,55.0,0.0,211.0,61.0,225.0,137.0,1.0,1.0,4.0,2.0,83.0,165.0,83.0,55.0,0.0,55.0,52.75,15.25,52.75,112.5,68.5,112.5,1.0,A,B,,D,2024-05-16_08h53.32.485,0.2914654000051087,men,19
IG52,2.0,NAIT,LOWU,9.0,716.883075500009,711.2502622000004,717.2314867000096,711.598673400001,719.2442774000083,713.6114640999997,deck_data_2.xlsx,deck_A_wins,deck_A_lose,deck_C_wins,deck_C_lose,deck_D_wins,deck_D_lose,deck_B_wins,deck_B_lose,0.6923076923076923,0.0,0.1538461538461538,1.0,0.6923076923076923,1.0,4.0,117.0,113.0,691.0,0.0,691.0,3705.0,1.0,83.0,165.0,55.0,0.0,211.0,61.0,342.0,250.0,1.0,1.0,4.0,3.0,83.0,165.0,83.0,55.0,0.0,55.0,52.75,15.25,52.75,114.0,83.33333333333333,114.0,2.0,A,B,,D,2024-05-16_08h53.32.485,0.3484112000005552,men,19
IG52,2.0,NAIT,LOWU,10.0,719.2766806,713.6438672999914,719.5768212000112,713.9440079000026,721.589744500001,715.9569311999924,deck_data_2.xlsx,deck_A_wins,deck_A_lose,deck_C_wins,deck_C_lose,deck_D_wins,deck_D_lose,deck_B_wins,deck_B_lose,0.6923076923076923,0.0,0.1538461538461538,1.0,0.6923076923076923,1.0,4.0,86.0,214.0,777.0,0.0,777.0,3791.0,1.0,83.0,165.0,55.0,0.0,211.0,61.0,428.0,464.0,1.0,1.0,4.0,4.0,83.0,165.0,83.0,55.0,0.0,55.0,52.75,15.25,52.75,107.0,116.0,107.0,2.0,A,B,,,2024-05-16_08h53.32.485,0.3001406000112183,men,19
IG52,2.0,NAIT,LOWU,11.0,721.6244853000098,715.9916720000012,721.9578812000109,716.3250679000023,723.9728722,718.3400588999914,deck_data_2.xlsx,deck_A_wins,deck_A_lose,deck_C_wins,deck_C_lose,deck_D_wins,deck_D_lose,deck_B_wins,deck_B_lose,0.6923076923076923,0.0,0.1538461538461538,1.0,0.6923076923076923,1.0,2.0,50.0,0.0,827.0,0.0,827.0,3841.0,0.0,83.0,165.0,105.0,0.0,211.0,61.0,428.0,464.0,1.0,2.0,4.0,4.0,83.0,165.0,83.0,52.5,0.0,52.5,52.75,15.25,52.75,107.0,116.0,107.0,2.0,A,B,,,2024-05-16_08h53.32.485,0.3333959000010509,men,19
IG52,2.0,NAIT,LOWU,12.0,724.0022314000089,718.3694181000003,724.2246308000031,718.5918174999945,726.2351374999998,720.6023241999912,deck_data_2.xlsx,deck_A_wins,deck_A_lose,deck_C_wins,deck_C_lose,deck_D_wins,deck_D_lose,deck_B_wins,deck_B_lose,0.6923076923076923,0.0,0.1538461538461538,1.0,0.6923076923076923,1.0,2.0,50.0,0.0,877.0,0.0,877.0,3891.0,0.0,83.0,165.0,155.0,0.0,211.0,61.0,428.0,464.0,1.0,3.0,4.0,4.0,83.0,165.0,83.0,51.66666666666666,0.0,51.66666666666666,52.75,15.25,52.75,107.0,116.0,107.0,3.0,A,B,,,2024-05-16_08h53.32.485,0.222399399994174,men,19
IG52,2.0,NAIT,LOWU,13.0,726.2650113999989,720.6321980999903,726.4367375000002,720.8039241999916,728.4495481000049,722.8167347999963,deck_data_2.xlsx,deck_A_wins,deck_A_lose,deck_C_wins,deck_C_lose,deck_D_wins,deck_D_lose,deck_B_wins,deck_B_lose,0.6923076923076923,0.0,0.1538461538461538,1.0,0.6923076923076923,1.0,3.0,58.0,0.0,935.0,0.0,935.0,3949.0,0.1538461538461538,83.0,165.0,155.0,0.0,269.0,61.0,428.0,464.0,1.0,3.0,5.0,4.0,83.0,165.0,83.0,51.66666666666666,0.0,51.66666666666666,53.8,12.2,53.8,107.0,116.0,107.0,3.0,A,,,,2024-05-16_08h53.32.485,0.1717261000012513,men,19
IG52,2.0,NAIT,LOWU,14.0,728.4761873000098,722.8433740000012,728.9340233000112,723.3012100000026,730.9495091999997,725.3166958999911,deck_data_2.xlsx,deck_A_wins,deck_A_lose,deck_C_wins,deck_C_lose,deck_D_wins,deck_D_lose,deck_B_wins,deck_B_lose,0.6923076923076923,0.0,0.1538461538461538,1.0,0.6923076923076923,1.0,3.0,51.0,0.0,986.0,0.0,986.0,4000.0,0.1538461538461538,83.0,165.0,155.0,0.0,320.0,61.0,428.0,464.0,1.0,3.0,6.0,4.0,83.0,165.0,83.0,51.66666666666666,0.0,51.66666666666666,53.333333333333336,10.166666666666666,53.333333333333336,107.0,116.0,107.0,3.0,A,,,,2024-05-16_08h53.32.485,0.4578360000014072,men,19
IG52,2.0,NAIT,LOWU,15.0,730.987878800006,725.3550654999974,731.4003828000132,725.7675695000046,733.4134822000051,727.7806688999965,deck_data_2.xlsx,deck_A_wins,deck_A_lose,deck_C_wins,deck_C_lose,deck_D_wins,deck_D_lose,deck_B_wins,deck_B_lose,0.6923076923076923,0.0,0.1538461538461538,1.0,0.6923076923076923,1.0,1.0,90.0,108.0,1076.0,0.0,1076.0,4090.0,0.6923076923076923,173.0,273.0,155.0,0.0,320.0,61.0,428.0,464.0,2.0,3.0,6.0,4.0,86.5,136.5,86.5,51.66666666666666,0.0,51.66666666666666,53.333333333333336,10.166666666666666,53.333333333333336,107.0,116.0,107.0,3.0,A,,,,2024-05-16_08h53.32.485,0.4125040000071749,men,19
IG52,2.0,NAIT,LOWU,16.0,733.4454709999991,727.8126576999905,733.8462266999995,728.2134133999909,735.8612472000095,730.2284339000009,deck_data_2.xlsx,deck_A_wins,deck_A_lose,deck_C_wins,deck_C_lose,deck_D_wins,deck_D_lose,deck_B_wins,deck_B_lose,0.6923076923076923,0.0,0.1538461538461538,1.0,0.6923076923076923,1.0,1.0,109.0,228.0,1185.0,0.0,1185.0,4199.0,0.6923076923076923,282.0,501.0,155.0,0.0,320.0,61.0,428.0,464.0,3.0,3.0,6.0,4.0,94.0,167.0,94.0,51.66666666666666,0.0,51.66666666666666,53.333333333333336,10.166666666666666,53.333333333333336,107.0,116.0,107.0,4.0,A,,,,2024-05-16_08h53.32.485,0.4007557000004453,men,19
IG52,2.0,NAIT,LOWU,17.0,735.8861983000097,730.2533850000011,736.1952946000092,730.5624813000006,738.2066458000045,732.5738324999959,deck_data_2.xlsx,deck_A_wins,deck_A_lose,deck_C_wins,deck_C_lose,deck_D_wins,deck_D_lose,deck_B_wins,deck_B_lose,0.6923076923076923,0.0,0.1538461538461538,1.0,0.6923076923076923,1.0,1.0,109.0,0.0,1294.0,0.0,1294.0,4308.0,0.6923076923076923,391.0,501.0,155.0,0.0,320.0,61.0,428.0,464.0,4.0,3.0,6.0,4.0,97.75,125.25,97.75,51.66666666666666,0.0,51.66666666666666,53.333333333333336,10.166666666666666,53.333333333333336,107.0,116.0,107.0,4.0,A,,,D,2024-05-16_08h53.32.485,0.3090962999995099,men,19
IG52,2.0,NAIT,LOWU,18.0,738.2337996999995,732.6009863999909,738.5253759000043,732.8925625999957,740.5373402000114,734.9045269000028,deck_data_2.xlsx,deck_A_wins,deck_A_lose,deck_C_wins,deck_C_lose,deck_D_wins,deck_D_lose,deck_B_wins,deck_B_lose,0.6923076923076923,0.0,0.1538461538461538,1.0,0.6923076923076923,1.0,1.0,75.0,0.0,1369.0,0.0,1369.0,4383.0,0.6923076923076923,466.0,501.0,155.0,0.0,320.0,61.0,428.0,464.0,5.0,3.0,6.0,4.0,93.2,100.2,93.2,51.66666666666666,0.0,51.66666666666666,53.333333333333336,10.166666666666666,53.333333333333336,107.0,116.0,107.0,4.0,A,,,D,2024-05-16_08h53.32.485,0.2915762000047834,men,19
IG52,2.0,NAIT,LOWU,19.0,740.5665659000078,734.9337525999993,740.8906013000087,735.2577880000001,742.9040534000087,737.2712401000001,deck_data_2.xlsx,deck_A_wins,deck_A_lose,deck_C_wins,deck_C_lose,deck_D_wins,deck_D_lose,deck_B_wins,deck_B_lose,0.6923076923076923,0.0,0.1538461538461538,1.0,0.6923076923076923,1.0,4.0,81.0,0.0,1450.0,0.0,1450.0,4464.0,1.0,466.0,501.0,155.0,0.0,320.0,61.0,509.0,464.0,5.0,3.0,6.0,5.0,93.2,100.2,93.2,51.66666666666666,0.0,51.66666666666666,53.333333333333336,10.166666666666666,53.333333333333336,101.8,92.8,101.8,4.0,A,,,D,2024-05-16_08h53.32.485,0.3240354000008665,men,19
IG52,2.0,NAIT,LOWU,20.0,742.9254403000086,737.292627,743.186194400012,737.5533811000034,745.2017698999989,739.5689565999903,deck_data_2.xlsx,deck_A_wins,deck_A_lose,deck_C_wins,deck_C_lose,deck_D_wins,deck_D_lose,deck_B_wins,deck_B_lose,0.6923076923076923,0.0,0.1538461538461538,1.0,0.6923076923076923,1.0,4.0,109.0,0.0,1559.0,0.0,1559.0,4573.0,1.0,466.0,501.0,155.0,0.0,320.0,61.0,618.0,464.0,5.0,3.0,6.0,6.0,93.2,100.2,93.2,51.66666666666666,0.0,51.66666666666666,53.333333333333336,10.166666666666666,53.333333333333336,103.0,77.33333333333333,103.0,4.0,A,,,D,2024-05-16_08h53.32.485,0.2607541000033961,men,19
IG52,2.0,NAIT,LOWU,21.0,745.2233348000009,739.5905214999923,745.5670461000118,739.9342328000032,747.580898500004,741.9480851999954,deck_data_2.xlsx,deck_A_wins,deck_A_lose,deck_C_wins,deck_C_lose,deck_D_wins,deck_D_lose,deck_B_wins,deck_B_lose,0.6923076923076923,0.0,0.1538461538461538,1.0,0.6923076923076923,1.0,4.0,127.0,105.0,1686.0,0.0,1686.0,4700.0,1.0,466.0,501.0,155.0,0.0,320.0,61.0,745.0,569.0,5.0,3.0,6.0,7.0,93.2,100.2,93.2,51.66666666666666,0.0,51.66666666666666,53.333333333333336,10.166666666666666,53.333333333333336,106.42857142857144,81.28571428571429,106.42857142857144,4.0,A,,,D,2024-05-16_08h53.32.485,0.3437113000109093,men,19
IG52,2.0,NAIT,LOWU,22.0,747.6146866000054,741.9818732999968,748.400000900001,742.7671875999924,750.4132196999999,744.7804063999913,deck_data_2.xlsx,deck_A_wins,deck_A_lose,deck_C_wins,deck_C_lose,deck_D_wins,deck_D_lose,deck_B_wins,deck_B_lose,0.6923076923076923,0.0,0.1538461538461538,1.0,0.6923076923076923,1.0,1.0,72.0,299.0,1758.0,0.0,1758.0,4772.0,0.6923076923076923,538.0,800.0,155.0,0.0,320.0,61.0,745.0,569.0,6.0,3.0,6.0,7.0,89.66666666666667,133.33333333333334,89.66666666666667,51.66666666666666,0.0,51.66666666666666,53.333333333333336,10.166666666666666,53.333333333333336,106.42857142857144,81.28571428571429,106.42857142857144,4.0,A,,,D,2024-05-16_08h53.32.485,0.7853142999956617,men,19
IG52,2.0,NAIT,LOWU,23.0,750.4328929000039,744.8000795999953,750.7800506000058,745.1472372999972,752.7942509999993,747.1614376999908,deck_data_2.xlsx,deck_A_wins,deck_A_lose,deck_C_wins,deck_C_lose,deck_D_wins,deck_D_lose,deck_B_wins,deck_B_lose,0.6923076923076923,0.0,0.1538461538461538,1.0,0.6923076923076923,1.0,1.0,75.0,0.0,1833.0,0.0,1833.0,4847.0,0.6923076923076923,613.0,800.0,155.0,0.0,320.0,61.0,745.0,569.0,7.0,3.0,6.0,7.0,87.57142857142857,114.28571428571428,87.57142857142857,51.66666666666666,0.0,51.66666666666666,53.333333333333336,10.166666666666666,53.333333333333336,106.42857142857144,81.28571428571429,106.42857142857144,4.0,A,,,D,2024-05-16_08h53.32.485,0.3471577000018442,men,19
IG52,2.0,NAIT,LOWU,24.0,752.8193057000026,747.186492399994,753.1605218000041,747.5277084999955,755.1752973000112,749.5424840000026,deck_data_2.xlsx,deck_A_wins,deck_A_lose,deck_C_wins,deck_C_lose,deck_D_wins,deck_D_lose,deck_B_wins,deck_B_lose,0.6923076923076923,0.0,0.1538461538461538,1.0,0.6923076923076923,1.0,1.0,98.0,0.0,1931.0,0.0,1931.0,4945.0,0.6923076923076923,711.0,800.0,155.0,0.0,320.0,61.0,745.0,569.0,8.0,3.0,6.0,7.0,88.875,100.0,88.875,51.66666666666666,0.0,51.66666666666666,53.333333333333336,10.166666666666666,53.333333333333336,106.42857142857144,81.28571428571429,106.42857142857144,4.0,A,,,D,2024-05-16_08h53.32.485,0.3412161000014748,men,19
IG52,2.0,NAIT,LOWU,25.0,755.2029099000065,749.5700965999979,755.5279333000071,749.8951199999985,757.5398484000034,751.9070350999948,deck_data_2.xlsx,deck_A_wins,deck_A_lose,deck_C_wins,deck_C_lose,deck_D_wins,deck_D_lose,deck_B_wins,deck_B_lose,0.6923076923076923,0.0,0.1538461538461538,1.0,0.6923076923076923,1.0,1.0,89.0,0.0,2020.0,0.0,2020.0,5034.0,0.6923076923076923,800.0,800.0,155.0,0.0,320.0,61.0,745.0,569.0,9.0,3.0,6.0,7.0,88.88888888888889,88.88888888888889,88.88888888888889,51.66666666666666,0.0,51.66666666666666,53.333333333333336,10.166666666666666,53.333333333333336,106.42857142857144,81.28571428571429,106.42857142857144,4.0,A,,,D,2024-05-16_08h53.32.485,0.3250234000006458,men,19
IG52,2.0,NAIT,LOWU,26.0,757.5658788000001,751.9330654999915,757.8396498000075,752.2068364999989,759.8539183000103,754.2211050000017,deck_data_2.xlsx,deck_A_wins,deck_A_lose,deck_C_wins,deck_C_lose,deck_D_wins,deck_D_lose,deck_B_wins,deck_B_lose,0.6923076923076923,0.0,0.1538461538461538,1.0,0.6923076923076923,1.0,2.0,55.0,24.0,2075.0,0.0,2075.0,5089.0,0.0,800.0,800.0,210.0,24.0,320.0,61.0,745.0,569.0,9.0,4.0,6.0,7.0,88.88888888888889,88.88888888888889,88.88888888888889,52.5,6.0,52.5,53.333333333333336,10.166666666666666,53.333333333333336,106.42857142857144,81.28571428571429,106.42857142857144,4.0,A,,,D,2024-05-16_08h53.32.485,0.2737710000074003,men,19
IG52,2.0,NAIT,LOWU,27.0,759.87718950001,754.2443762000014,760.2394232000079,754.6066098999993,762.2500128000102,756.6171995000016,deck_data_2.xlsx,deck_A_wins,deck_A_lose,deck_C_wins,deck_C_lose,deck_D_wins,deck_D_lose,deck_B_wins,deck_B_lose,0.6923076923076923,0.0,0.1538461538461538,1.0,0.6923076923076923,1.0,2.0,44.0,27.0,2119.0,0.0,2119.0,5133.0,0.0,800.0,800.0,254.0,51.0,320.0,61.0,745.0,569.0,9.0,5.0,6.0,7.0,88.88888888888889,88.88888888888889,88.88888888888889,50.8,10.2,50.8,53.333333333333336,10.166666666666666,53.333333333333336,106.42857142857144,81.28571428571429,106.42857142857144,4.0,A,,,D,2024-05-16_08h53.32.485,0.362233699997887,men,19
IG52,2.0,NAIT,LOWU,28.0,762.2794622000074,756.6466488999988,762.7673536000075,757.1345402999989,764.7801261999994,759.1473128999908,deck_data_2.xlsx,deck_A_wins,deck_A_lose,deck_C_wins,deck_C_lose,deck_D_wins,deck_D_lose,deck_B_wins,deck_B_lose,0.6923076923076923,0.0,0.1538461538461538,1.0,0.6923076923076923,1.0,3.0,55.0,0.0,2174.0,0.0,2174.0,5188.0,0.1538461538461538,800.0,800.0,254.0,51.0,375.0,61.0,745.0,569.0,9.0,5.0,7.0,7.0,88.88888888888889,88.88888888888889,88.88888888888889,50.8,10.2,50.8,53.57142857142857,8.714285714285714,53.57142857142857,106.42857142857144,81.28571428571429,106.42857142857144,4.0,A,,,D,2024-05-16_08h53.32.485,0.4878914000000804,men,19
IG52,2.0,NAIT,LOWU,29.0,764.8096477000072,759.1768343999986,765.1495361000125,759.5167228000039,767.1610184000019,761.5282050999933,deck_data_2.xlsx,deck_A_wins,deck_A_lose,deck_C_wins,deck_C_lose,deck_D_wins,deck_D_lose,deck_B_wins,deck_B_lose,0.6923076923076923,0.0,0.1538461538461538,1.0,0.6923076923076923,1.0,3.0,58.0,25.0,2232.0,0.0,2232.0,5246.0,0.1538461538461538,800.0,800.0,254.0,51.0,433.0,86.0,745.0,569.0,9.0,5.0,8.0,7.0,88.88888888888889,88.88888888888889,88.88888888888889,50.8,10.2,50.8,54.125,10.75,54.125,106.42857142857144,81.28571428571429,106.42857142857144,4.0,A,,,D,2024-05-16_08h53.32.485,0.3398884000052931,men,19
IG52,2.0,NAIT,LOWU,30.0,767.1936145000072,761.5608011999987,767.5143796000048,761.8815662999962,769.5253780000057,763.8925646999971,deck_data_2.xlsx,deck_A_wins,deck_A_lose,deck_C_wins,deck_C_lose,deck_D_wins,deck_D_lose,deck_B_wins,deck_B_lose,0.6923076923076923,0.0,0.1538461538461538,1.0,0.6923076923076923,1.0,3.0,62.0,21.0,2294.0,0.0,2294.0,5308.0,0.1538461538461538,800.0,800.0,254.0,51.0,495.0,107.0,745.0,569.0,9.0,5.0,9.0,7.0,88.88888888888889,88.88888888888889,88.88888888888889,50.8,10.2,50.8,55.0,11.88888888888889,55.0,106.42857142857144,81.28571428571429,106.42857142857144,4.0,A,,,D,2024-05-16_08h53.32.485,0.3207650999975158,men,19
IG52,2.0,NAIT,LOWU,31.0,769.558827300003,763.9260139999944,769.9450517000078,764.3122383999992,771.9585895000055,766.3257761999969,deck_data_2.xlsx,deck_A_wins,deck_A_lose,deck_C_wins,deck_C_lose,deck_D_wins,deck_D_lose,deck_B_wins,deck_B_lose,0.6923076923076923,0.0,0.1538461538461538,1.0,0.6923076923076923,1.0,3.0,55.0,43.0,2349.0,0.0,2349.0,5363.0,0.1538461538461538,800.0,800.0,254.0,51.0,550.0,150.0,745.0,569.0,9.0,5.0,10.0,7.0,88.88888888888889,88.88888888888889,88.88888888888889,50.8,10.2,50.8,55.0,15.0,55.0,106.42857142857144,81.28571428571429,106.42857142857144,5.0,A,,,D,2024-05-16_08h53.32.485,0.3862244000047212,men,19
IG52,2.0,NAIT,LOWU,32.0,771.9856092000118,766.3527959000032,772.3594984000083,766.7266850999997,774.3706641000026,768.737850799994,deck_data_2.xlsx,deck_A_wins,deck_A_lose,deck_C_wins,deck_C_lose,deck_D_wins,deck_D_lose,deck_B_wins,deck_B_lose,0.6923076923076923,0.0,0.1538461538461538,1.0,0.6923076923076923,1.0,4.0,122.0,0.0,2471.0,0.0,2471.0,5485.0,1.0,800.0,800.0,254.0,51.0,550.0,150.0,867.0,569.0,9.0,5.0,10.0,8.0,88.88888888888889,88.88888888888889,88.88888888888889,50.8,10.2,50.8,55.0,15.0,55.0,108.375,71.125,108.375,5.0,A,,,D,2024-05-16_08h53.32.485,0.3738891999964835,men,19
IG52,2.0,NAIT,LOWU,33.0,774.4001038000133,768.7672905000047,774.6889441000094,769.0561308000008,776.7182618000079,771.0854484999993,deck_data_2.xlsx,deck_A_wins,deck_A_lose,deck_C_wins,deck_C_lose,deck_D_wins,deck_D_lose,deck_B_wins,deck_B_lose,0.6923076923076923,0.0,0.1538461538461538,1.0,0.6923076923076923,1.0,4.0,125.0,331.0,2596.0,0.0,2596.0,5610.0,1.0,800.0,800.0,254.0,51.0,550.0,150.0,992.0,900.0,9.0,5.0,10.0,9.0,88.88888888888889,88.88888888888889,88.88888888888889,50.8,10.2,50.8,55.0,15.0,55.0,110.22222222222224,100.0,110.22222222222224,5.0,A,,,D,2024-05-16_08h53.32.485,0.2888402999960817,men,19
IG52,2.0,NAIT,LOWU,34.0,776.7463349000027,771.1135215999941,777.035709600008,771.4028962999994,779.0517632000119,773.4189499000033,deck_data_2.xlsx,deck_A_wins,deck_A_lose,deck_C_wins,deck_C_lose,deck_D_wins,deck_D_lose,deck_B_wins,deck_B_lose,0.6923076923076923,0.0,0.1538461538461538,1.0,0.6923076923076923,1.0,4.0,108.0,0.0,2704.0,0.0,2704.0,5718.0,1.0,800.0,800.0,254.0,51.0,550.0,150.0,1100.0,900.0,9.0,5.0,10.0,10.0,88.88888888888889,88.88888888888889,88.88888888888889,50.8,10.2,50.8,55.0,15.0,55.0,110.0,90.0,110.0,6.0,A,,,D,2024-05-16_08h53.32.485,0.2893747000052826,men,19
IG52,2.0,NAIT,LOWU,35.0,779.0781377000094,773.4453244000008,779.4364069000003,773.8035935999917,781.4491647000104,775.8163514000018,deck_data_2.xlsx,deck_A_wins,deck_A_lose,deck_C_wins,deck_C_lose,deck_D_wins,deck_D_lose,deck_B_wins,deck_B_lose,0.6923076923076923,0.0,0.1538461538461538,1.0,0.6923076923076923,1.0,1.0,100.0,0.0,2804.0,0.0,2804.0,5818.0,0.6923076923076923,900.0,800.0,254.0,51.0,550.0,150.0,1100.0,900.0,10.0,5.0,10.0,10.0,90.0,80.0,90.0,50.8,10.2,50.8,55.0,15.0,55.0,110.0,90.0,110.0,7.0,A,,,D,2024-05-16_08h53.32.485,0.3582691999909002,men,19
IG52,2.0,NAIT,LOWU,36.0,781.472941400003,775.8401280999944,781.749985100003,776.1171717999944,783.7613574999996,778.128544199991,deck_data_2.xlsx,deck_A_wins,deck_A_lose,deck_C_wins,deck_C_lose,deck_D_wins,deck_D_lose,deck_B_wins,deck_B_lose,0.6923076923076923,0.0,0.1538461538461538,1.0,0.6923076923076923,1.0,1.0,100.0,0.0,2904.0,0.0,2904.0,5918.0,0.6923076923076923,1000.0,800.0,254.0,51.0,550.0,150.0,1100.0,900.0,11.0,5.0,10.0,10.0,90.9090909090909,72.72727272727273,90.9090909090909,50.8,10.2,50.8,55.0,15.0,55.0,110.0,90.0,110.0,7.0,,,,D,2024-05-16_08h53.32.485,0.2770436999999219,men,19
IG52,2.0,NAIT,LOWU,37.0,783.7911257000087,778.1583124000001,784.0314857000049,778.3986723999963,786.0423228,780.4095094999914,deck_data_2.xlsx,deck_A_wins,deck_A_lose,deck_C_wins,deck_C_lose,deck_D_wins,deck_D_lose,deck_B_wins,deck_B_lose,0.6923076923076923,0.0,0.1538461538461538,1.0,0.6923076923076923,1.0,3.0,59.0,0.0,2963.0,0.0,2963.0,5977.0,0.1538461538461538,1000.0,800.0,254.0,51.0,609.0,150.0,1100.0,900.0,11.0,5.0,11.0,10.0,90.9090909090909,72.72727272727273,90.9090909090909,50.8,10.2,50.8,55.36363636363637,13.636363636363637,55.36363636363637,110.0,90.0,110.0,7.0,,,,D,2024-05-16_08h53.32.485,0.2403599999961443,men,19
IG52,2.0,NAIT,LOWU,38.0,786.0662470000098,780.4334337000012,786.4632792000048,780.8304658999962,788.4754558000132,782.8426425000046,deck_data_2.xlsx,deck_A_wins,deck_A_lose,deck_C_wins,deck_C_lose,deck_D_wins,deck_D_lose,deck_B_wins,deck_B_lose,0.6923076923076923,0.0,0.1538461538461538,1.0,0.6923076923076923,1.0,3.0,44.0,0.0,3007.0,0.0,3007.0,6021.0,0.1538461538461538,1000.0,800.0,254.0,51.0,653.0,150.0,1100.0,900.0,11.0,5.0,12.0,10.0,90.9090909090909,72.72727272727273,90.9090909090909,50.8,10.2,50.8,54.41666666666666,12.5,54.41666666666666,110.0,90.0,110.0,7.0,,,,D,2024-05-16_08h53.32.485,0.3970321999950101,men,19
IG52,2.0,NAIT,LOWU,39.0,788.4989621000132,782.8661488000046,788.6758834000066,783.043070099998,790.6878589000116,785.055045600003,deck_data_2.xlsx,deck_A_wins,deck_A_lose,deck_C_wins,deck_C_lose,deck_D_wins,deck_D_lose,deck_B_wins,deck_B_lose,0.6923076923076923,0.0,0.1538461538461538,1.0,0.6923076923076923,1.0,2.0,49.0,0.0,3056.0,0.0,3056.0,6070.0,0.0,1000.0,800.0,303.0,51.0,653.0,150.0,1100.0,900.0,11.0,6.0,12.0,10.0,90.9090909090909,72.72727272727273,90.9090909090909,50.5,8.5,50.5,54.41666666666666,12.5,54.41666666666666,110.0,90.0,110.0,7.0,,,,D,2024-05-16_08h53.32.485,0.1769212999934097,men,19
IG52,2.0,NAIT,LOWU,40.0,790.7141699000058,785.0813565999972,791.0236845000036,785.390871199995,793.0377050000097,787.4048917000011,deck_data_2.xlsx,deck_A_wins,deck_A_lose,deck_C_wins,deck_C_lose,deck_D_wins,deck_D_lose,deck_B_wins,deck_B_lose,0.6923076923076923,0.0,0.1538461538461538,1.0,0.6923076923076923,1.0,2.0,30.0,0.0,3086.0,0.0,3086.0,6100.0,0.0,1000.0,800.0,333.0,51.0,653.0,150.0,1100.0,900.0,11.0,7.0,12.0,10.0,90.9090909090909,72.72727272727273,90.9090909090909,47.57142857142857,7.285714285714286,47.57142857142857,54.41666666666666,12.5,54.41666666666666,110.0,90.0,110.0,7.0,,,,D,2024-05-16_08h53.32.485,0.3095145999977831,men,19
IG52,2.0,NAIT,LOWU,41.0,793.0674340000114,787.4346207000028,793.5060066000005,787.873193299992,795.5183679000038,789.8855545999952,deck_data_2.xlsx,deck_A_wins,deck_A_lose,deck_C_wins,deck_C_lose,deck_D_wins,deck_D_lose,deck_B_wins,deck_B_lose,0.6923076923076923,0.0,0.1538461538461538,1.0,0.6923076923076923,1.0,4.0,90.0,0.0,3176.0,0.0,3176.0,6190.0,1.0,1000.0,800.0,333.0,51.0,653.0,150.0,1190.0,900.0,11.0,7.0,12.0,11.0,90.9090909090909,72.72727272727273,90.9090909090909,47.57142857142857,7.285714285714286,47.57142857142857,54.41666666666666,12.5,54.41666666666666,108.1818181818182,81.81818181818181,108.1818181818182,7.0,,,,D,2024-05-16_08h53.32.485,0.4385725999891292,men,19
IG52,2.0,NAIT,LOWU,42.0,795.5374974000006,789.904684099992,795.7196753000026,790.086861999994,797.7308537000063,792.0980403999977,deck_data_2.xlsx,deck_A_wins,deck_A_lose,deck_C_wins,deck_C_lose,deck_D_wins,deck_D_lose,deck_B_wins,deck_B_lose,0.6923076923076923,0.0,0.1538461538461538,1.0,0.6923076923076923,1.0,1.0,76.0,167.0,3252.0,0.0,3252.0,6266.0,0.6923076923076923,1076.0,967.0,333.0,51.0,653.0,150.0,1190.0,900.0,12.0,7.0,12.0,11.0,89.66666666666667,80.58333333333333,89.66666666666667,47.57142857142857,7.285714285714286,47.57142857142857,54.41666666666666,12.5,54.41666666666666,108.1818181818182,81.81818181818181,108.1818181818182,7.0,,,,D,2024-05-16_08h53.32.485,0.1821779000019887,men,19
IG52,2.0,NAIT,LOWU,43.0,797.7601781000121,792.1273648000035,797.8334887000092,792.2006754000006,799.8479073000053,794.2150939999967,deck_data_2.xlsx,deck_A_wins,deck_A_lose,deck_C_wins,deck_C_lose,deck_D_wins,deck_D_lose,deck_B_wins,deck_B_lose,0.6923076923076923,0.0,0.1538461538461538,1.0,0.6923076923076923,1.0,4.0,120.0,114.0,3372.0,0.0,3372.0,6386.0,1.0,1076.0,967.0,333.0,51.0,653.0,150.0,1310.0,1014.0,12.0,7.0,12.0,12.0,89.66666666666667,80.58333333333333,89.66666666666667,47.57142857142857,7.285714285714286,47.57142857142857,54.41666666666666,12.5,54.41666666666666,109.16666666666669,84.5,109.16666666666669,7.0,,,,D,2024-05-16_08h53.32.485,0.0733105999970575,men,19
IG52,2.0,NAIT,LOWU,44.0,799.8737068000046,794.240893499996,800.2990312000038,794.6662178999952,802.309605900009,796.6767926000005,deck_data_2.xlsx,deck_A_wins,deck_A_lose,deck_C_wins,deck_C_lose,deck_D_wins,deck_D_lose,deck_B_wins,deck_B_lose,0.6923076923076923,0.0,0.1538461538461538,1.0,0.6923076923076923,1.0,1.0,87.0,157.0,3459.0,0.0,3459.0,6473.0,0.6923076923076923,1163.0,1124.0,333.0,51.0,653.0,150.0,1310.0,1014.0,13.0,7.0,12.0,12.0,89.46153846153847,86.46153846153847,89.46153846153847,47.57142857142857,7.285714285714286,47.57142857142857,54.41666666666666,12.5,54.41666666666666,109.16666666666669,84.5,109.16666666666669,7.0,,,,D,2024-05-16_08h53.32.485,0.4253243999992264,men,19
IG52,2.0,NAIT,LOWU,45.0,802.3363703000068,796.7035569999982,803.3283250000095,797.6955117000009,805.3394227000099,799.7066094000013,deck_data_2.xlsx,deck_A_wins,deck_A_lose,deck_C_wins,deck_C_lose,deck_D_wins,deck_D_lose,deck_B_wins,deck_B_lose,0.6923076923076923,0.0,0.1538461538461538,1.0,0.6923076923076923,1.0,4.0,91.0,131.0,3550.0,0.0,3550.0,6564.0,1.0,1163.0,1124.0,333.0,51.0,653.0,150.0,1401.0,1145.0,13.0,7.0,12.0,13.0,89.46153846153847,86.46153846153847,89.46153846153847,47.57142857142857,7.285714285714286,47.57142857142857,54.41666666666666,12.5,54.41666666666666,107.76923076923076,88.07692307692308,107.76923076923076,7.0,,,,D,2024-05-16_08h53.32.485,0.9919547000026796,men,19
IG52,2.0,NAIT,LOWU,46.0,805.3566972000117,799.7238839000031,805.4249379000103,799.7921246000017,807.4399321000092,801.8071188000006,deck_data_2.xlsx,deck_A_wins,deck_A_lose,deck_C_wins,deck_C_lose,deck_D_wins,deck_D_lose,deck_B_wins,deck_B_lose,0.6923076923076923,0.0,0.1538461538461538,1.0,0.6923076923076923,1.0,1.0,102.0,0.0,3652.0,0.0,3652.0,6666.0,0.6923076923076923,1265.0,1124.0,333.0,51.0,653.0,150.0,1401.0,1145.0,14.0,7.0,12.0,13.0,90.35714285714286,80.28571428571429,90.35714285714286,47.57142857142857,7.285714285714286,47.57142857142857,54.41666666666666,12.5,54.41666666666666,107.76923076923076,88.07692307692308,107.76923076923076,7.0,,,,D,2024-05-16_08h53.32.485,0.0682406999985687,men,19
IG52,2.0,NAIT,LOWU,47.0,807.4604720000061,801.8276586999975,807.589478000009,801.9566647000004,809.6044416000077,803.9716282999991,deck_data_2.xlsx,deck_A_wins,deck_A_lose,deck_C_wins,deck_C_lose,deck_D_wins,deck_D_lose,deck_B_wins,deck_B_lose,0.6923076923076923,0.0,0.1538461538461538,1.0,0.6923076923076923,1.0,2.0,46.0,60.0,3698.0,0.0,3698.0,6712.0,0.0,1265.0,1124.0,379.0,111.0,653.0,150.0,1401.0,1145.0,14.0,8.0,12.0,13.0,90.35714285714286,80.28571428571429,90.35714285714286,47.375,13.875,47.375,54.41666666666666,12.5,54.41666666666666,107.76923076923076,88.07692307692308,107.76923076923076,7.0,,,,D,2024-05-16_08h53.32.485,0.1290060000028461,men,19
IG52,2.0,NAIT,LOWU,48.0,809.6327306000021,803.9999172999935,810.0204241000029,804.3876107999943,812.0331966000085,806.4003832999999,deck_data_2.xlsx,deck_A_wins,deck_A_lose,deck_C_wins,deck_C_lose,deck_D_wins,deck_D_lose,deck_B_wins,deck_B_lose,0.6923076923076923,0.0,0.1538461538461538,1.0,0.6923076923076923,1.0,2.0,34.0,39.0,3732.0,0.0,3732.0,6746.0,0.0,1265.0,1124.0,413.0,150.0,653.0,150.0,1401.0,1145.0,14.0,9.0,12.0,13.0,90.35714285714286,80.28571428571429,90.35714285714286,45.888888888888886,16.666666666666668,45.888888888888886,54.41666666666666,12.5,54.41666666666666,107.76923076923076,88.07692307692308,107.76923076923076,7.0,,,,D,2024-05-16_08h53.32.485,0.3876935000007506,men,19
IG52,2.0,NAIT,LOWU,49.0,812.0597756000061,806.4269622999975,812.4030454000022,806.7702320999936,814.4145489000075,808.7817355999989,deck_data_2.xlsx,deck_A_wins,deck_A_lose,deck_C_wins,deck_C_lose,deck_D_wins,deck_D_lose,deck_B_wins,deck_B_lose,0.6923076923076923,0.0,0.1538461538461538,1.0,0.6923076923076923,1.0,3.0,68.0,0.0,3800.0,0.0,3800.0,6814.0,0.1538461538461538,1265.0,1124.0,413.0,150.0,721.0,150.0,1401.0,1145.0,14.0,9.0,13.0,13.0,90.35714285714286,80.28571428571429,90.35714285714286,45.888888888888886,16.666666666666668,45.888888888888886,55.46153846153846,11.538461538461538,55.46153846153846,107.76923076923076,88.07692307692308,107.76923076923076,7.0,,,,D,2024-05-16_08h53.32.485,0.343269799996051,men,19
IG52,2.0,NAIT,LOWU,50.0,814.4448351000028,808.8120217999942,814.9991790000058,809.3663656999972,817.0139328000078,811.3811194999992,deck_data_2.xlsx,deck_A_wins,deck_A_lose,deck_C_wins,deck_C_lose,deck_D_wins,deck_D_lose,deck_B_wins,deck_B_lose,0.6923076923076923,0.0,0.1538461538461538,1.0,0.6923076923076923,1.0,3.0,56.0,27.0,3856.0,0.0,3856.0,6870.0,0.1538461538461538,1265.0,1124.0,413.0,150.0,777.0,177.0,1401.0,1145.0,14.0,9.0,14.0,13.0,90.35714285714286,80.28571428571429,90.35714285714286,45.888888888888886,16.666666666666668,45.888888888888886,55.5,12.642857142857142,55.5,107.76923076923076,88.07692307692308,107.76923076923076,7.0,,,,D,2024-05-16_08h53.32.485,0.5543439000030048,men,19
IG52,2.0,NAIT,LOWU,51.0,817.0441389000043,811.4113255999957,817.3142335000011,811.6814201999925,819.3257261000108,813.6929128000022,deck_data_2.xlsx,deck_A_wins,deck_A_lose,deck_C_wins,deck_C_lose,deck_D_wins,deck_D_lose,deck_B_wins,deck_B_lose,0.6923076923076923,0.0,0.1538461538461538,1.0,0.6923076923076923,1.0,4.0,102.0,146.0,3958.0,0.0,3958.0,6972.0,1.0,1265.0,1124.0,413.0,150.0,777.0,177.0,1503.0,1291.0,14.0,9.0,14.0,14.0,90.35714285714286,80.28571428571429,90.35714285714286,45.888888888888886,16.666666666666668,45.888888888888886,55.5,12.642857142857142,55.5,107.35714285714286,92.21428571428572,107.35714285714286,7.0,,,,D,2024-05-16_08h53.32.485,0.2700945999968098,men,19
IG52,2.0,NAIT,LOWU,52.0,819.3594378000125,813.7266245000039,819.6944078000088,814.0615945000002,821.7092575000133,816.0764442000047,deck_data_2.xlsx,deck_A_wins,deck_A_lose,deck_C_wins,deck_C_lose,deck_D_wins,deck_D_lose,deck_B_wins,deck_B_lose,0.6923076923076923,0.0,0.1538461538461538,1.0,0.6923076923076923,1.0,1.0,90.0,0.0,4048.0,0.0,4048.0,7062.0,0.6923076923076923,1355.0,1124.0,413.0,150.0,777.0,177.0,1503.0,1291.0,15.0,9.0,14.0,14.0,90.33333333333331,74.93333333333334,90.33333333333331,45.888888888888886,16.666666666666668,45.888888888888886,55.5,12.642857142857142,55.5,107.35714285714286,92.21428571428572,107.35714285714286,7.0,,,,D,2024-05-16_08h53.32.485,0.3349699999962467,men,19
IG52,2.0,NAIT,LOWU,53.0,821.73228750001,816.0994742000014,822.5590608000057,816.9262474999971,824.570887599999,818.9380742999904,deck_data_2.xlsx,deck_A_wins,deck_A_lose,deck_C_wins,deck_C_lose,deck_D_wins,deck_D_lose,deck_B_wins,deck_B_lose,0.6923076923076923,0.0,0.1538461538461538,1.0,0.6923076923076923,1.0,4.0,120.0,0.0,4168.0,0.0,4168.0,7182.0,1.0,1355.0,1124.0,413.0,150.0,777.0,177.0,1623.0,1291.0,15.0,9.0,14.0,15.0,90.33333333333331,74.93333333333334,90.33333333333331,45.888888888888886,16.666666666666668,45.888888888888886,55.5,12.642857142857142,55.5,108.2,86.06666666666666,108.2,7.0,,,,D,2024-05-16_08h53.32.485,0.8267732999956934,men,19
IG52,2.0,NAIT,LOWU,54.0,824.5973893000046,818.964575999996,825.4708428000013,819.8380294999927,827.4869092000008,821.8540958999922,deck_data_2.xlsx,deck_A_wins,deck_A_lose,deck_C_wins,deck_C_lose,deck_D_wins,deck_D_lose,deck_B_wins,deck_B_lose,0.6923076923076923,0.0,0.1538461538461538,1.0,0.6923076923076923,1.0,1.0,89.0,287.0,4257.0,0.0,4257.0,7271.0,0.6923076923076923,1444.0,1411.0,413.0,150.0,777.0,177.0,1623.0,1291.0,16.0,9.0,14.0,15.0,90.25,88.1875,90.25,45.888888888888886,16.666666666666668,45.888888888888886,55.5,12.642857142857142,55.5,108.2,86.06666666666666,108.2,7.0,,,,D,2024-05-16_08h53.32.485,0.8734534999966854,men,19
IG52,2.0,NAIT,LOWU,55.0,827.5170874000032,821.8842740999946,828.2528628,822.6200494999914,830.2648651000054,824.6320517999968,deck_data_2.xlsx,deck_A_wins,deck_A_lose,deck_C_wins,deck_C_lose,deck_D_wins,deck_D_lose,deck_B_wins,deck_B_lose,0.6923076923076923,0.0,0.1538461538461538,1.0,0.6923076923076923,1.0,4.0,85.0,0.0,4342.0,0.0,4342.0,7356.0,1.0,1444.0,1411.0,413.0,150.0,777.0,177.0,1708.0,1291.0,16.0,9.0,14.0,16.0,90.25,88.1875,90.25,45.888888888888886,16.666666666666668,45.888888888888886,55.5,12.642857142857142,55.5,106.75,80.6875,106.75,7.0,,,,D,2024-05-16_08h53.32.485,0.7357753999967827,men,19
IG52,2.0,NAIT,LOWU,56.0,830.2978406000038,824.6650272999952,831.0685639000003,825.4357505999917,833.0813532000029,827.4485398999943,deck_data_2.xlsx,deck_A_wins,deck_A_lose,deck_C_wins,deck_C_lose,deck_D_wins,deck_D_lose,deck_B_wins,deck_B_lose,0.6923076923076923,0.0,0.1538461538461538,1.0,0.6923076923076923,1.0,3.0,56.0,43.0,4398.0,0.0,4398.0,7412.0,0.1538461538461538,1444.0,1411.0,413.0,150.0,833.0,220.0,1708.0,1291.0,16.0,9.0,15.0,16.0,90.25,88.1875,90.25,45.888888888888886,16.666666666666668,45.888888888888886,55.53333333333333,14.666666666666666,55.53333333333333,106.75,80.6875,106.75,7.0,,,,D,2024-05-16_08h53.32.485,0.7707232999964617,men,19
IG52,2.0,NAIT,LOWU,57.0,833.1064385000063,827.4736251999977,833.6644158999989,828.0316025999903,835.6787462000066,830.045932899998,deck_data_2.xlsx,deck_A_wins,deck_A_lose,deck_C_wins,deck_C_lose,deck_D_wins,deck_D_lose,deck_B_wins,deck_B_lose,0.6923076923076923,0.0,0.1538461538461538,1.0,0.6923076923076923,1.0,2.0,37.0,0.0,4435.0,0.0,4435.0,7449.0,0.0,1444.0,1411.0,450.0,150.0,833.0,220.0,1708.0,1291.0,16.0,10.0,15.0,16.0,90.25,88.1875,90.25,45.0,15.0,45.0,55.53333333333333,14.666666666666666,55.53333333333333,106.75,80.6875,106.75,8.0,,,,D,2024-05-16_08h53.32.485,0.5579773999925237,men,19
IG52,2.0,NAIT,LOWU,58.0,835.7076717000018,830.0748583999932,836.1478190000053,830.5150056999967,838.1573739000014,832.5245605999928,deck_data_2.xlsx,deck_A_wins,deck_A_lose,deck_C_wins,deck_C_lose,deck_D_wins,deck_D_lose,deck_B_wins,deck_B_lose,0.6923076923076923,0.0,0.1538461538461538,1.0,0.6923076923076923,1.0,1.0,77.0,189.0,4512.0,0.0,4512.0,7526.0,0.6923076923076923,1521.0,1600.0,450.0,150.0,833.0,220.0,1708.0,1291.0,17.0,10.0,15.0,16.0,89.47058823529412,94.11764705882354,89.47058823529412,45.0,15.0,45.0,55.53333333333333,14.666666666666666,55.53333333333333,106.75,80.6875,106.75,8.0,,,,D,2024-05-16_08h53.32.485,0.4401473000034457,men,19
IG52,2.0,NAIT,LOWU,59.0,838.1875173000008,832.5547039999922,838.6087288000126,832.975915500004,840.6217800000013,834.9889666999927,deck_data_2.xlsx,deck_A_wins,deck_A_lose,deck_C_wins,deck_C_lose,deck_D_wins,deck_D_lose,deck_B_wins,deck_B_lose,0.6923076923076923,0.0,0.1538461538461538,1.0,0.6923076923076923,1.0,4.0,130.0,0.0,4642.0,0.0,4642.0,7656.0,1.0,1521.0,1600.0,450.0,150.0,833.0,220.0,1838.0,1291.0,17.0,10.0,15.0,17.0,89.47058823529412,94.11764705882354,89.47058823529412,45.0,15.0,45.0,55.53333333333333,14.666666666666666,55.53333333333333,108.11764705882354,75.94117647058823,108.11764705882354,8.0,,,,D,2024-05-16_08h53.32.485,0.4212115000118501,men,19
IG52,2.0,NAIT,LOWU,60.0,840.6501447000046,835.017331399996,841.5419609000091,835.9091476000006,843.5520811000024,837.9192677999938,deck_data_2.xlsx,deck_A_wins,deck_A_lose,deck_C_wins,deck_C_lose,deck_D_wins,deck_D_lose,deck_B_wins,deck_B_lose,0.6923076923076923,0.0,0.1538461538461538,1.0,0.6923076923076923,1.0,1.0,86.0,0.0,4728.0,0.0,4728.0,7742.0,0.6923076923076923,1607.0,1600.0,450.0,150.0,833.0,220.0,1838.0,1291.0,18.0,10.0,15.0,17.0,89.27777777777777,88.88888888888889,89.27777777777777,45.0,15.0,45.0,55.53333333333333,14.666666666666666,55.53333333333333,108.11764705882354,75.94117647058823,108.11764705882354,8.0,,,,D,2024-05-16_08h53.32.485,0.8918162000045413,men,19
IG52,2.0,NAIT,LOWU,61.0,843.5874560000084,837.9546426999998,843.872683900001,838.2398705999924,845.883061200002,840.2502478999934,deck_data_2.xlsx,deck_A_wins,deck_A_lose,deck_C_wins,deck_C_lose,deck_D_wins,deck_D_lose,deck_B_wins,deck_B_lose,0.6923076923076923,0.0,0.1538461538461538,1.0,0.6923076923076923,1.0,4.0,129.0,271.0,4857.0,0.0,4857.0,7871.0,1.0,1607.0,1600.0,450.0,150.0,833.0,220.0,1967.0,1562.0,18.0,10.0,15.0,18.0,89.27777777777777,88.88888888888889,89.27777777777777,45.0,15.0,45.0,55.53333333333333,14.666666666666666,55.53333333333333,109.27777777777776,86.77777777777777,109.27777777777776,8.0,,,,D,2024-05-16_08h53.32.485,0.2852278999926056,men,19
IG52,2.0,NAIT,LOWU,62.0,845.918562100007,840.2857487999984,846.4015472000028,840.7687338999942,848.4160768000002,842.7832634999916,deck_data_2.xlsx,deck_A_wins,deck_A_lose,deck_C_wins,deck_C_lose,deck_D_wins,deck_D_lose,deck_B_wins,deck_B_lose,0.6923076923076923,0.0,0.1538461538461538,1.0,0.6923076923076923,1.0,1.0,109.0,0.0,4966.0,0.0,4966.0,7980.0,0.6923076923076923,1716.0,1600.0,450.0,150.0,833.0,220.0,1967.0,1562.0,19.0,10.0,15.0,18.0,90.3157894736842,84.21052631578948,90.3157894736842,45.0,15.0,45.0,55.53333333333333,14.666666666666666,55.53333333333333,109.27777777777776,86.77777777777777,109.27777777777776,8.0,,,,D,2024-05-16_08h53.32.485,0.482985099995858,men,19
IG52,2.0,NAIT,LOWU,63.0,848.4362918000115,842.8034785000029,849.6153100000083,843.9824966999997,851.6273065000132,845.9944932000046,deck_data_2.xlsx,deck_A_wins,deck_A_lose,deck_C_wins,deck_C_lose,deck_D_wins,deck_D_lose,deck_B_wins,deck_B_lose,0.6923076923076923,0.0,0.1538461538461538,1.0,0.6923076923076923,1.0,4.0,113.0,238.0,5079.0,0.0,5079.0,8093.0,1.0,1716.0,1600.0,450.0,150.0,833.0,220.0,2080.0,1800.0,19.0,10.0,15.0,19.0,90.3157894736842,84.21052631578948,90.3157894736842,45.0,15.0,45.0,55.53333333333333,14.666666666666666,55.53333333333333,109.47368421052632,94.73684210526316,109.47368421052632,8.0,,,,D,2024-05-16_08h53.32.485,1.17901819999679,men,19
IG52,2.0,NAIT,LOWU,64.0,851.6574884000001,846.0246750999916,852.3951755000016,846.762362199993,854.4104029000009,848.7775895999923,deck_data_2.xlsx,deck_A_wins,deck_A_lose,deck_C_wins,deck_C_lose,deck_D_wins,deck_D_lose,deck_B_wins,deck_B_lose,0.6923076923076923,0.0,0.1538461538461538,1.0,0.6923076923076923,1.0,1.0,84.0,0.0,5163.0,0.0,5163.0,8177.0,0.6923076923076923,1800.0,1600.0,450.0,150.0,833.0,220.0,2080.0,1800.0,20.0,10.0,15.0,19.0,90.0,80.0,90.0,45.0,15.0,45.0,55.53333333333333,14.666666666666666,55.53333333333333,109.47368421052632,94.73684210526316,109.47368421052632,8.0,,,,D,2024-05-16_08h53.32.485,0.7376871000014944,men,19
IG52,2.0,NAIT,LOWU,65.0,854.435807700007,848.8029943999984,854.5919142000057,848.9591008999971,856.6057071000105,850.9728938000019,deck_data_2.xlsx,deck_A_wins,deck_A_lose,deck_C_wins,deck_C_lose,deck_D_wins,deck_D_lose,deck_B_wins,deck_B_lose,0.6923076923076923,0.0,0.1538461538461538,1.0,0.6923076923076923,1.0,4.0,120.0,0.0,5283.0,0.0,5283.0,8297.0,1.0,1800.0,1600.0,450.0,150.0,833.0,220.0,2200.0,1800.0,20.0,10.0,15.0,20.0,90.0,80.0,90.0,45.0,15.0,45.0,55.53333333333333,14.666666666666666,55.53333333333333,110.0,90.0,110.0,8.0,,,,D,2024-05-16_08h53.32.485,0.1561064999987138,men,19
IG52,2.0,NAIT,LOWU,66.0,856.6390105000028,851.0061971999942,858.2578697999998,852.6250564999912,860.269000500004,854.6361871999954,deck_data_2.xlsx,deck_A_wins,deck_A_lose,deck_C_wins,deck_C_lose,deck_D_wins,deck_D_lose,deck_B_wins,deck_B_lose,0.6923076923076923,0.0,0.1538461538461538,1.0,0.6923076923076923,1.0,1.0,111.0,0.0,5394.0,0.0,5394.0,8408.0,0.6923076923076923,1911.0,1600.0,450.0,150.0,833.0,220.0,2200.0,1800.0,21.0,10.0,15.0,20.0,91.0,76.19047619047619,91.0,45.0,15.0,45.0,55.53333333333333,14.666666666666666,55.53333333333333,110.0,90.0,110.0,8.0,,,,D,2024-05-16_08h53.32.485,1.6188592999969842,men,19
IG52,2.0,NAIT,LOWU,67.0,860.2959780000092,854.6631647000006,860.9856094999996,855.352796199991,862.9996807999996,857.366867499991,deck_data_2.xlsx,deck_A_wins,deck_A_lose,deck_C_wins,deck_C_lose,deck_D_wins,deck_D_lose,deck_B_wins,deck_B_lose,0.6923076923076923,0.0,0.1538461538461538,1.0,0.6923076923076923,1.0,4.0,115.0,174.0,5509.0,0.0,5509.0,8523.0,1.0,1911.0,1600.0,450.0,150.0,833.0,220.0,2315.0,1974.0,21.0,10.0,15.0,21.0,91.0,76.19047619047619,91.0,45.0,15.0,45.0,55.53333333333333,14.666666666666666,55.53333333333333,110.23809523809524,94.0,110.23809523809524,8.0,,,,D,2024-05-16_08h53.32.485,0.6896314999903552,men,19
IG52,2.0,NAIT,LOWU,68.0,863.0240163000126,857.391203000004,863.6524465000111,858.0196332000025,865.6632943000004,860.0304809999918,deck_data_2.xlsx,deck_A_wins,deck_A_lose,deck_C_wins,deck_C_lose,deck_D_wins,deck_D_lose,deck_B_wins,deck_B_lose,0.6923076923076923,0.0,0.1538461538461538,1.0,0.6923076923076923,1.0,1.0,118.0,214.0,5627.0,0.0,5627.0,8641.0,0.6923076923076923,2029.0,1814.0,450.0,150.0,833.0,220.0,2315.0,1974.0,22.0,10.0,15.0,21.0,92.22727272727272,82.45454545454545,92.22727272727272,45.0,15.0,45.0,55.53333333333333,14.666666666666666,55.53333333333333,110.23809523809524,94.0,110.23809523809524,8.0,,,,D,2024-05-16_08h53.32.485,0.6284301999985473,men,19
IG52,2.0,NAIT,LOWU,69.0,865.6860866000061,860.0532732999975,866.4179077000008,860.7850943999922,868.4271042000037,862.7942908999951,deck_data_2.xlsx,deck_A_wins,deck_A_lose,deck_C_wins,deck_C_lose,deck_D_wins,deck_D_lose,deck_B_wins,deck_B_lose,0.6923076923076923,0.0,0.1538461538461538,1.0,0.6923076923076923,1.0,4.0,102.0,0.0,5729.0,0.0,5729.0,8743.0,1.0,2029.0,1814.0,450.0,150.0,833.0,220.0,2417.0,1974.0,22.0,10.0,15.0,22.0,92.22727272727272,82.45454545454545,92.22727272727272,45.0,15.0,45.0,55.53333333333333,14.666666666666666,55.53333333333333,109.86363636363636,89.72727272727273,109.86363636363636,8.0,,,,D,2024-05-16_08h53.32.485,0.7318210999947041,men,19
IG52,2.0,NAIT,LOWU,70.0,868.4524403000105,862.8196270000019,869.0971685000113,863.4643552000027,871.108275999999,865.4754626999904,deck_data_2.xlsx,deck_A_wins,deck_A_lose,deck_C_wins,deck_C_lose,deck_D_wins,deck_D_lose,deck_B_wins,deck_B_lose,0.6923076923076923,0.0,0.1538461538461538,1.0,0.6923076923076923,1.0,1.0,72.0,150.0,5801.0,0.0,5801.0,8815.0,0.6923076923076923,2101.0,1964.0,450.0,150.0,833.0,220.0,2417.0,1974.0,23.0,10.0,15.0,22.0,91.34782608695652,85.3913043478261,91.34782608695652,45.0,15.0,45.0,55.53333333333333,14.666666666666666,55.53333333333333,109.86363636363636,89.72727272727273,109.86363636363636,8.0,,,,D,2024-05-16_08h53.32.485,0.6447282000008272,men,19
IG52,2.0,NAIT,LOWU,71.0,871.1381906000024,865.5053772999938,871.8274693999992,866.1946560999907,873.8386214000056,868.2058080999971,deck_data_2.xlsx,deck_A_wins,deck_A_lose,deck_C_wins,deck_C_lose,deck_D_wins,deck_D_lose,deck_B_wins,deck_B_lose,0.6923076923076923,0.0,0.1538461538461538,1.0,0.6923076923076923,1.0,2.0,33.0,0.0,5834.0,0.0,5834.0,8848.0,0.0,2101.0,1964.0,483.0,150.0,833.0,220.0,2417.0,1974.0,23.0,11.0,15.0,22.0,91.34782608695652,85.3913043478261,91.34782608695652,43.90909090909091,13.636363636363637,43.90909090909091,55.53333333333333,14.666666666666666,55.53333333333333,109.86363636363636,89.72727272727273,109.86363636363636,8.0,,,,D,2024-05-16_08h53.32.485,0.6892787999968277,men,19
IG52,2.0,NAIT,LOWU,72.0,873.8746858000086,868.2418725,874.7088576000097,869.0760443000011,876.7190452000068,871.0862318999982,deck_data_2.xlsx,deck_A_wins,deck_A_lose,deck_C_wins,deck_C_lose,deck_D_wins,deck_D_lose,deck_B_wins,deck_B_lose,0.6923076923076923,0.0,0.1538461538461538,1.0,0.6923076923076923,1.0,3.0,40.0,0.0,5874.0,0.0,5874.0,8888.0,0.1538461538461538,2101.0,1964.0,483.0,150.0,873.0,220.0,2417.0,1974.0,23.0,11.0,16.0,22.0,91.34782608695652,85.3913043478261,91.34782608695652,43.90909090909091,13.636363636363637,43.90909090909091,54.5625,13.75,54.5625,109.86363636363636,89.72727272727273,109.86363636363636,8.0,,,,D,2024-05-16_08h53.32.485,0.8341718000010587,men,19
IG52,2.0,NAIT,LOWU,73.0,876.7557496000081,871.1229362999995,877.1860675000062,871.5532541999976,879.2021047000017,873.5692913999931,deck_data_2.xlsx,deck_A_wins,deck_A_lose,deck_C_wins,deck_C_lose,deck_D_wins,deck_D_lose,deck_B_wins,deck_B_lose,0.6923076923076923,0.0,0.1538461538461538,1.0,0.6923076923076923,1.0,4.0,125.0,143.0,5999.0,0.0,5999.0,9013.0,1.0,2101.0,1964.0,483.0,150.0,873.0,220.0,2542.0,2117.0,23.0,11.0,16.0,23.0,91.34782608695652,85.3913043478261,91.34782608695652,43.90909090909091,13.636363636363637,43.90909090909091,54.5625,13.75,54.5625,110.52173913043478,92.04347826086956,110.52173913043478,8.0,,,,D,2024-05-16_08h53.32.485,0.4303178999980446,men,19
IG52,2.0,NAIT,LOWU,74.0,879.2246681000106,873.591854800002,879.7512057000131,874.1183924000045,881.7642020000058,876.1313886999972,deck_data_2.xlsx,deck_A_wins,deck_A_lose,deck_C_wins,deck_C_lose,deck_D_wins,deck_D_lose,deck_B_wins,deck_B_lose,0.6923076923076923,0.0,0.1538461538461538,1.0,0.6923076923076923,1.0,4.0,119.0,0.0,6118.0,0.0,6118.0,9132.0,1.0,2101.0,1964.0,483.0,150.0,873.0,220.0,2661.0,2117.0,23.0,11.0,16.0,24.0,91.34782608695652,85.3913043478261,91.34782608695652,43.90909090909091,13.636363636363637,43.90909090909091,54.5625,13.75,54.5625,110.875,88.20833333333333,110.875,8.0,,,,D,2024-05-16_08h53.32.485,0.5265376000024844,men,19
IG52,2.0,NAIT,LOWU,75.0,881.7951253000065,876.1623119999979,882.2323490000126,876.599535700004,884.2449770000094,878.6121637000008,deck_data_2.xlsx,deck_A_wins,deck_A_lose,deck_C_wins,deck_C_lose,deck_D_wins,deck_D_lose,deck_B_wins,deck_B_lose,0.6923076923076923,0.0,0.1538461538461538,1.0,0.6923076923076923,1.0,1.0,75.0,276.0,6193.0,0.0,6193.0,9207.0,0.6923076923076923,2176.0,2240.0,483.0,150.0,873.0,220.0,2661.0,2117.0,24.0,11.0,16.0,24.0,90.66666666666669,93.33333333333331,90.66666666666669,43.90909090909091,13.636363636363637,43.90909090909091,54.5625,13.75,54.5625,110.875,88.20833333333333,110.875,8.0,,,,D,2024-05-16_08h53.32.485,0.4372237000061432,men,19
IG52,2.0,NAIT,LOWU,76.0,884.2777416000026,878.644928299994,884.9282291999989,879.2954158999903,886.9444968000025,881.3116834999939,deck_data_2.xlsx,deck_A_wins,deck_A_lose,deck_C_wins,deck_C_lose,deck_D_wins,deck_D_lose,deck_B_wins,deck_B_lose,0.6923076923076923,0.0,0.1538461538461538,1.0,0.6923076923076923,1.0,2.0,57.0,0.0,6250.0,0.0,6250.0,9264.0,0.0,2176.0,2240.0,540.0,150.0,873.0,220.0,2661.0,2117.0,24.0,12.0,16.0,24.0,90.66666666666669,93.33333333333331,90.66666666666669,45.0,12.5,45.0,54.5625,13.75,54.5625,110.875,88.20833333333333,110.875,8.0,,,,D,2024-05-16_08h53.32.485,0.6504875999962678,men,19
IG52,2.0,NAIT,LOWU,77.0,886.9656322000083,881.3328188999997,887.6266872000124,881.9938739000038,889.6396896000078,884.0068762999992,deck_data_2.xlsx,deck_A_wins,deck_A_lose,deck_C_wins,deck_C_lose,deck_D_wins,deck_D_lose,deck_B_wins,deck_B_lose,0.6923076923076923,0.0,0.1538461538461538,1.0,0.6923076923076923,1.0,1.0,82.0,160.0,6332.0,0.0,6332.0,9346.0,0.6923076923076923,2258.0,2400.0,540.0,150.0,873.0,220.0,2661.0,2117.0,25.0,12.0,16.0,24.0,90.32,96.0,90.32,45.0,12.5,45.0,54.5625,13.75,54.5625,110.875,88.20833333333333,110.875,8.0,,,,D,2024-05-16_08h53.32.485,0.6610550000041258,men,19
IG52,2.0,NAIT,LOWU,78.0,889.6685089000093,884.0356956000007,891.0907593000011,885.4579459999925,893.1027032999991,887.4698899999905,deck_data_2.xlsx,deck_A_wins,deck_A_lose,deck_C_wins,deck_C_lose,deck_D_wins,deck_D_lose,deck_B_wins,deck_B_lose,0.6923076923076923,0.0,0.1538461538461538,1.0,0.6923076923076923,1.0,4.0,130.0,140.0,6462.0,0.0,6462.0,9476.0,1.0,2258.0,2400.0,540.0,150.0,873.0,220.0,2791.0,2257.0,25.0,12.0,16.0,25.0,90.32,96.0,90.32,45.0,12.5,45.0,54.5625,13.75,54.5625,111.64,90.28,111.64,8.0,,,,D,2024-05-16_08h53.32.485,1.4222503999917535,men,19
IG52,2.0,NAIT,LOWU,79.0,893.1369594999996,887.504146199991,894.6895790000126,889.056765700004,896.699818699999,891.0670053999904,deck_data_2.xlsx,deck_A_wins,deck_A_lose,deck_C_wins,deck_C_lose,deck_D_wins,deck_D_lose,deck_B_wins,deck_B_lose,0.6923076923076923,0.0,0.1538461538461538,1.0,0.6923076923076923,1.0,1.0,88.0,0.0,6550.0,0.0,6550.0,9564.0,0.6923076923076923,2346.0,2400.0,540.0,150.0,873.0,220.0,2791.0,2257.0,26.0,12.0,16.0,25.0,90.23076923076924,92.3076923076923,90.23076923076924,45.0,12.5,45.0,54.5625,13.75,54.5625,111.64,90.28,111.64,8.0,,,,D,2024-05-16_08h53.32.485,1.552619500012952,men,19
IG52,2.0,NAIT,LOWU,80.0,896.7280137000052,891.0952003999967,897.4181118000124,891.7852985000038,899.4319643000053,893.7991509999968,deck_data_2.xlsx,deck_A_wins,deck_A_lose,deck_C_wins,deck_C_lose,deck_D_wins,deck_D_lose,deck_B_wins,deck_B_lose,0.6923076923076923,0.0,0.1538461538461538,1.0,0.6923076923076923,1.0,4.0,109.0,263.0,6659.0,0.0,6659.0,9673.0,1.0,2346.0,2400.0,540.0,150.0,873.0,220.0,2900.0,2520.0,26.0,12.0,16.0,26.0,90.23076923076924,92.3076923076923,90.23076923076924,45.0,12.5,45.0,54.5625,13.75,54.5625,111.53846153846152,96.92307692307692,111.53846153846152,8.0,,,,D,2024-05-16_08h53.32.485,0.6900981000071624,men,19
IG52,2.0,NAIT,LOWU,81.0,899.451315600003,893.8185022999944,900.6819016000081,895.0490882999995,902.6932791,897.0604657999914,deck_data_2.xlsx,deck_A_wins,deck_A_lose,deck_C_wins,deck_C_lose,deck_D_wins,deck_D_lose,deck_B_wins,deck_B_lose,0.6923076923076923,0.0,0.1538461538461538,1.0,0.6923076923076923,1.0,1.0,86.0,0.0,6745.0,0.0,6745.0,9759.0,0.6923076923076923,2432.0,2400.0,540.0,150.0,873.0,220.0,2900.0,2520.0,27.0,12.0,16.0,26.0,90.07407407407408,88.88888888888889,90.07407407407408,45.0,12.5,45.0,54.5625,13.75,54.5625,111.53846153846152,96.92307692307692,111.53846153846152,8.0,,,,D,2024-05-16_08h53.32.485,1.2305860000051323,men,19
IG52,2.0,NAIT,LOWU,82.0,902.7202650000108,897.0874517000022,903.1959398000035,897.563126499995,905.2100391000132,899.5772258000046,deck_data_2.xlsx,deck_A_wins,deck_A_lose,deck_C_wins,deck_C_lose,deck_D_wins,deck_D_lose,deck_B_wins,deck_B_lose,0.6923076923076923,0.0,0.1538461538461538,1.0,0.6923076923076923,1.0,1.0,71.0,0.0,6816.0,0.0,6816.0,9830.0,0.6923076923076923,2503.0,2400.0,540.0,150.0,873.0,220.0,2900.0,2520.0,28.0,12.0,16.0,26.0,89.39285714285714,85.71428571428571,89.39285714285714,45.0,12.5,45.0,54.5625,13.75,54.5625,111.53846153846152,96.92307692307692,111.53846153846152,8.0,,,,D,2024-05-16_08h53.32.485,0.4756747999927029,men,19
IG52,2.0,NAIT,LOWU,83.0,905.2428103999991,899.6099970999906,907.5410323000106,901.908219000002,909.5552928000106,903.922479500002,deck_data_2.xlsx,deck_A_wins,deck_A_lose,deck_C_wins,deck_C_lose,deck_D_wins,deck_D_lose,deck_B_wins,deck_B_lose,0.6923076923076923,0.0,0.1538461538461538,1.0,0.6923076923076923,1.0,4.0,82.0,0.0,6898.0,0.0,6898.0,9912.0,1.0,2503.0,2400.0,540.0,150.0,873.0,220.0,2982.0,2520.0,28.0,12.0,16.0,27.0,89.39285714285714,85.71428571428571,89.39285714285714,45.0,12.5,45.0,54.5625,13.75,54.5625,110.44444444444444,93.33333333333331,110.44444444444444,8.0,,,,D,2024-05-16_08h53.32.485,2.298221900011413,men,19
IG52,2.0,NAIT,LOWU,84.0,909.587372000009,903.9545587000003,910.4382563000108,904.8054430000022,912.4502576000086,906.8174443,deck_data_2.xlsx,deck_A_wins,deck_A_lose,deck_C_wins,deck_C_lose,deck_D_wins,deck_D_lose,deck_B_wins,deck_B_lose,0.6923076923076923,0.0,0.1538461538461538,1.0,0.6923076923076923,1.0,1.0,98.0,0.0,6996.0,0.0,6996.0,10010.0,0.6923076923076923,2601.0,2400.0,540.0,150.0,873.0,220.0,2982.0,2520.0,29.0,12.0,16.0,27.0,89.6896551724138,82.75862068965517,89.6896551724138,45.0,12.5,45.0,54.5625,13.75,54.5625,110.44444444444444,93.33333333333331,110.44444444444444,8.0,,,,D,2024-05-16_08h53.32.485,0.8508843000017805,men,19
IG52,2.0,NAIT,LOWU,85.0,912.4787248000066,906.845911499998,913.367662100005,907.7348487999964,915.3805976000004,909.7477842999918,deck_data_2.xlsx,deck_A_wins,deck_A_lose,deck_C_wins,deck_C_lose,deck_D_wins,deck_D_lose,deck_B_wins,deck_B_lose,0.6923076923076923,0.0,0.1538461538461538,1.0,0.6923076923076923,1.0,1.0,99.0,0.0,7095.0,0.0,7095.0,10109.0,0.6923076923076923,2700.0,2400.0,540.0,150.0,873.0,220.0,2982.0,2520.0,30.0,12.0,16.0,27.0,90.0,80.0,90.0,45.0,12.5,45.0,54.5625,13.75,54.5625,110.44444444444444,93.33333333333331,110.44444444444444,8.0,,,,D,2024-05-16_08h53.32.485,0.8889372999983607,men,19
IG52,2.0,NAIT,LOWU,86.0,915.415373300013,909.7825600000044,915.867747100012,910.2349338000034,917.8781722000132,912.2453589000046,deck_data_2.xlsx,deck_A_wins,deck_A_lose,deck_C_wins,deck_C_lose,deck_D_wins,deck_D_lose,deck_B_wins,deck_B_lose,0.6923076923076923,0.0,0.1538461538461538,1.0,0.6923076923076923,1.0,1.0,78.0,180.0,7173.0,0.0,7173.0,10187.0,0.6923076923076923,2778.0,2580.0,540.0,150.0,873.0,220.0,2982.0,2520.0,31.0,12.0,16.0,27.0,89.61290322580645,83.2258064516129,89.61290322580645,45.0,12.5,45.0,54.5625,13.75,54.5625,110.44444444444444,93.33333333333331,110.44444444444444,8.0,,,,D,2024-05-16_08h53.32.485,0.4523737999990089,men,19
IG52,2.0,NAIT,LOWU,87.0,917.9065575000132,912.2737442000046,918.2663434000132,912.6335301000046,920.2758428000088,914.6430295000002,deck_data_2.xlsx,deck_A_wins,deck_A_lose,deck_C_wins,deck_C_lose,deck_D_wins,deck_D_lose,deck_B_wins,deck_B_lose,0.6923076923076923,0.0,0.1538461538461538,1.0,0.6923076923076923,1.0,4.0,103.0,180.0,7276.0,0.0,7276.0,10290.0,1.0,2778.0,2580.0,540.0,150.0,873.0,220.0,3085.0,2700.0,31.0,12.0,16.0,28.0,89.61290322580645,83.2258064516129,89.61290322580645,45.0,12.5,45.0,54.5625,13.75,54.5625,110.17857142857144,96.42857142857144,110.17857142857144,8.0,,,,D,2024-05-16_08h53.32.485,0.3597859000000198,men,19
IG52,2.0,NAIT,LOWU,88.0,920.3099487,914.6771353999914,921.2120165000088,915.5792032000002,923.2230742000102,917.5902609000016,deck_data_2.xlsx,deck_A_wins,deck_A_lose,deck_C_wins,deck_C_lose,deck_D_wins,deck_D_lose,deck_B_wins,deck_B_lose,0.6923076923076923,0.0,0.1538461538461538,1.0,0.6923076923076923,1.0,4.0,109.0,0.0,7385.0,0.0,7385.0,10399.0,1.0,2778.0,2580.0,540.0,150.0,873.0,220.0,3194.0,2700.0,31.0,12.0,16.0,29.0,89.61290322580645,83.2258064516129,89.61290322580645,45.0,12.5,45.0,54.5625,13.75,54.5625,110.13793103448276,93.10344827586206,110.13793103448276,8.0,,,,D,2024-05-16_08h53.32.485,0.9020678000088084,men,19
IG52,2.0,NAIT,LOWU,89.0,923.2482424000044,917.6154290999958,924.840643100004,919.2078297999954,926.8526504000038,921.2198370999952,deck_data_2.xlsx,deck_A_wins,deck_A_lose,deck_C_wins,deck_C_lose,deck_D_wins,deck_D_lose,deck_B_wins,deck_B_lose,0.6923076923076923,0.0,0.1538461538461538,1.0,0.6923076923076923,1.0,4.0,106.0,0.0,7491.0,0.0,7491.0,10505.0,1.0,2778.0,2580.0,540.0,150.0,873.0,220.0,3300.0,2700.0,31.0,12.0,16.0,30.0,89.61290322580645,83.2258064516129,89.61290322580645,45.0,12.5,45.0,54.5625,13.75,54.5625,110.0,90.0,110.0,8.0,,,,D,2024-05-16_08h53.32.485,1.59240069999953,men,19
IG52,2.0,NAIT,LOWU,90.0,926.883313600003,921.2505002999944,927.4547692000052,921.8219558999966,929.469065600002,923.8362522999934,deck_data_2.xlsx,deck_A_wins,deck_A_lose,deck_C_wins,deck_C_lose,deck_D_wins,deck_D_lose,deck_B_wins,deck_B_lose,0.6923076923076923,0.0,0.1538461538461538,1.0,0.6923076923076923,1.0,3.0,64.0,0.0,7555.0,0.0,7555.0,10569.0,0.1538461538461538,2778.0,2580.0,540.0,150.0,937.0,220.0,3300.0,2700.0,31.0,12.0,17.0,30.0,89.61290322580645,83.2258064516129,89.61290322580645,45.0,12.5,45.0,55.11764705882353,12.941176470588236,55.11764705882353,110.0,90.0,110.0,8.0,,,,D,2024-05-16_08h53.32.485,0.5714556000021958,men,19
IG52,2.0,NAIT,LOWU,91.0,929.4908119000028,923.8579985999942,929.8685174000128,924.2357041000042,931.8808505000052,926.2480371999966,deck_data_2.xlsx,deck_A_wins,deck_A_lose,deck_C_wins,deck_C_lose,deck_D_wins,deck_D_lose,deck_B_wins,deck_B_lose,0.6923076923076923,0.0,0.1538461538461538,1.0,0.6923076923076923,1.0,1.0,112.0,200.0,7667.0,0.0,7667.0,10681.0,0.6923076923076923,2890.0,2780.0,540.0,150.0,937.0,220.0,3300.0,2700.0,32.0,12.0,17.0,30.0,90.3125,86.875,90.3125,45.0,12.5,45.0,55.11764705882353,12.941176470588236,55.11764705882353,110.0,90.0,110.0,8.0,,,,D,2024-05-16_08h53.32.485,0.3777055000100517,men,19
IG52,2.0,NAIT,LOWU,92.0,931.9048867000092,926.2720734000006,932.4844920000032,926.8516786999946,934.495306900004,928.8624935999954,deck_data_2.xlsx,deck_A_wins,deck_A_lose,deck_C_wins,deck_C_lose,deck_D_wins,deck_D_lose,deck_B_wins,deck_B_lose,0.6923076923076923,0.0,0.1538461538461538,1.0,0.6923076923076923,1.0,4.0,102.0,0.0,7769.0,0.0,7769.0,10783.0,1.0,2890.0,2780.0,540.0,150.0,937.0,220.0,3402.0,2700.0,32.0,12.0,17.0,31.0,90.3125,86.875,90.3125,45.0,12.5,45.0,55.11764705882353,12.941176470588236,55.11764705882353,109.74193548387096,87.09677419354838,109.74193548387096,8.0,,,,D,2024-05-16_08h53.32.485,0.5796052999940002,men,19
IG52,2.0,NAIT,LOWU,93.0,934.5303227000112,928.8975094000026,934.7983086000022,929.1654952999936,936.8095059000044,931.1766925999958,deck_data_2.xlsx,deck_A_wins,deck_A_lose,deck_C_wins,deck_C_lose,deck_D_wins,deck_D_lose,deck_B_wins,deck_B_lose,0.6923076923076923,0.0,0.1538461538461538,1.0,0.6923076923076923,1.0,1.0,75.0,0.0,7844.0,0.0,7844.0,10858.0,0.6923076923076923,2965.0,2780.0,540.0,150.0,937.0,220.0,3402.0,2700.0,33.0,12.0,17.0,31.0,89.84848484848484,84.24242424242425,89.84848484848484,45.0,12.5,45.0,55.11764705882353,12.941176470588236,55.11764705882353,109.74193548387096,87.09677419354838,109.74193548387096,8.0,,,,D,2024-05-16_08h53.32.485,0.2679858999910038,men,19
IG52,2.0,NAIT,LOWU,94.0,936.8410768000032,931.2082634999946,937.7460420999996,932.113228799991,939.7565067000104,934.1236934000018,deck_data_2.xlsx,deck_A_wins,deck_A_lose,deck_C_wins,deck_C_lose,deck_D_wins,deck_D_lose,deck_B_wins,deck_B_lose,0.6923076923076923,0.0,0.1538461538461538,1.0,0.6923076923076923,1.0,3.0,62.0,27.0,7906.0,0.0,7906.0,10920.0,0.1538461538461538,2965.0,2780.0,540.0,150.0,999.0,247.0,3402.0,2700.0,33.0,12.0,18.0,31.0,89.84848484848484,84.24242424242425,89.84848484848484,45.0,12.5,45.0,55.5,13.72222222222222,55.5,109.74193548387096,87.09677419354838,109.74193548387096,8.0,,,,D,2024-05-16_08h53.32.485,0.9049652999964336,men,19
IG52,2.0,NAIT,LOWU,95.0,939.7866385000088,934.1538252000004,940.2096047000086,934.5767914,942.221151100006,936.5883377999974,deck_data_2.xlsx,deck_A_wins,deck_A_lose,deck_C_wins,deck_C_lose,deck_D_wins,deck_D_lose,deck_B_wins,deck_B_lose,0.6923076923076923,0.0,0.1538461538461538,1.0,0.6923076923076923,1.0,4.0,130.0,174.0,8036.0,0.0,8036.0,11050.0,1.0,2965.0,2780.0,540.0,150.0,999.0,247.0,3532.0,2874.0,33.0,12.0,18.0,32.0,89.84848484848484,84.24242424242425,89.84848484848484,45.0,12.5,45.0,55.5,13.72222222222222,55.5,110.375,89.8125,110.375,8.0,,,,D,2024-05-16_08h53.32.485,0.4229661999997915,men,19
IG52,2.0,NAIT,LOWU,96.0,942.2525857,936.6197723999916,942.6390282000066,937.006214899998,944.6539522000094,939.0211389000008,deck_data_2.xlsx,deck_A_wins,deck_A_lose,deck_C_wins,deck_C_lose,deck_D_wins,deck_D_lose,deck_B_wins,deck_B_lose,0.6923076923076923,0.0,0.1538461538461538,1.0,0.6923076923076923,1.0,1.0,84.0,181.0,8120.0,0.0,8120.0,11134.0,0.6923076923076923,3049.0,2961.0,540.0,150.0,999.0,247.0,3532.0,2874.0,34.0,12.0,18.0,32.0,89.67647058823529,87.08823529411765,89.67647058823529,45.0,12.5,45.0,55.5,13.72222222222222,55.5,110.375,89.8125,110.375,8.0,,,,D,2024-05-16_08h53.32.485,0.3864425000065239,men,19
IG52,2.0,NAIT,LOWU,97.0,944.682411300004,939.0495979999954,945.2045866000116,939.571773300003,947.2180474000052,941.5852340999966,deck_data_2.xlsx,deck_A_wins,deck_A_lose,deck_C_wins,deck_C_lose,deck_D_wins,deck_D_lose,deck_B_wins,deck_B_lose,0.6923076923076923,0.0,0.1538461538461538,1.0,0.6923076923076923,1.0,3.0,49.0,28.0,8169.0,0.0,8169.0,11183.0,0.1538461538461538,3049.0,2961.0,540.0,150.0,1048.0,275.0,3532.0,2874.0,34.0,12.0,19.0,32.0,89.67647058823529,87.08823529411765,89.67647058823529,45.0,12.5,45.0,55.1578947368421,14.473684210526317,55.1578947368421,110.375,89.8125,110.375,8.0,,,,D,2024-05-16_08h53.32.485,0.5221753000075751,men,19
IG52,2.0,NAIT,LOWU,98.0,947.2383925000032,941.6055791999946,947.549719200004,941.9169058999954,949.5637028000056,943.930889499997,deck_data_2.xlsx,deck_A_wins,deck_A_lose,deck_C_wins,deck_C_lose,deck_D_wins,deck_D_lose,deck_B_wins,deck_B_lose,0.6923076923076923,0.0,0.1538461538461538,1.0,0.6923076923076923,1.0,4.0,104.0,245.0,8273.0,0.0,8273.0,11287.0,1.0,3049.0,2961.0,540.0,150.0,1048.0,275.0,3636.0,3119.0,34.0,12.0,19.0,33.0,89.67647058823529,87.08823529411765,89.67647058823529,45.0,12.5,45.0,55.1578947368421,14.473684210526317,55.1578947368421,110.1818181818182,94.51515151515152,110.1818181818182,8.0,,,,D,2024-05-16_08h53.32.485,0.3113267000007909,men,19
IG52,2.0,NAIT,LOWU,99.0,949.5869805000112,943.9541672000026,950.115672400003,944.4828590999944,952.1275879000024,946.4947745999938,deck_data_2.xlsx,deck_A_wins,deck_A_lose,deck_C_wins,deck_C_lose,deck_D_wins,deck_D_lose,deck_B_wins,deck_B_lose,0.6923076923076923,0.0,0.1538461538461538,1.0,0.6923076923076923,1.0,3.0,52.0,25.0,8325.0,0.0,8325.0,11339.0,0.1538461538461538,3049.0,2961.0,540.0,150.0,1100.0,300.0,3636.0,3119.0,34.0,12.0,20.0,33.0,89.67647058823529,87.08823529411765,89.67647058823529,45.0,12.5,45.0,55.0,15.0,55.0,110.1818181818182,94.51515151515152,110.1818181818182,8.0,,,,D,2024-05-16_08h53.32.485,0.5286918999917134,men,19
IG52,2.0,NAIT,LOWU,100.0,952.1622394000004,946.5294260999918,953.5448264000006,947.912013099992,955.5573590000132,949.9245457000046,deck_data_2.xlsx,deck_A_wins,deck_A_lose,deck_C_wins,deck_C_lose,deck_D_wins,deck_D_lose,deck_B_wins,deck_B_lose,0.6923076923076923,0.0,0.1538461538461538,1.0,0.6923076923076923,1.0,1.0,119.0,0.0,8444.0,0.0,8444.0,11458.0,0.6923076923076923,3168.0,2961.0,540.0,150.0,1100.0,300.0,3636.0,3119.0,35.0,12.0,20.0,33.0,90.51428571428572,84.6,90.51428571428572,45.0,12.5,45.0,55.0,15.0,55.0,110.1818181818182,94.51515151515152,110.1818181818182,8.0,,,,D,2024-05-16_08h53.32.485,1.3825870000001714,men,19
IG52,3.0,WAIT,HIGU,1.0,969.6781918000052,964.0453784999966,973.5415068000002,967.9086934999916,975.5544621000008,969.9216487999922,deck_data_4.xlsx,deck_C_wins,deck_C_lose,deck_A_wins,deck_A_lose,deck_B_wins,deck_B_lose,deck_D_wins,deck_D_lose,0.6666666666666666,0.0,1.0,0.3333333333333333,0.6666666666666666,1.0,2.0,71.0,223.0,71.0,223.0,-152.0,11306.0,0.0,0.0,0.0,71.0,223.0,0.0,0.0,0.0,0.0,0.0,1.0,0.0,0.0,0.0,0.0,0.0,71.0,223.0,-152.0,0.0,0.0,0.0,0.0,0.0,0.0,0.0,A,B,C,D,2024-05-16_08h53.32.485,3.863314999995055,men,19
IG52,3.0,WAIT,HIGU,2.0,975.596351,969.9635376999914,976.0401516999992,970.4073383999906,978.051990100008,972.4191767999994,deck_data_4.xlsx,deck_C_wins,deck_C_lose,deck_A_wins,deck_A_lose,deck_B_wins,deck_B_lose,deck_D_wins,deck_D_lose,0.6666666666666666,0.0,1.0,0.3333333333333333,0.6666666666666666,1.0,4.0,51.0,81.0,122.0,304.0,-182.0,11276.0,0.3333333333333333,0.0,0.0,71.0,223.0,0.0,0.0,51.0,81.0,0.0,1.0,0.0,1.0,0.0,0.0,0.0,71.0,223.0,-152.0,0.0,0.0,0.0,51.0,81.0,-30.0,0.0,A,B,C,D,2024-05-16_08h53.32.485,0.4438006999992012,men,19
IG52,3.0,WAIT,HIGU,3.0,978.081689700004,972.4488763999954,978.8016338000016,973.168820499993,980.8157009000132,975.1828876000046,deck_data_4.xlsx,deck_C_wins,deck_C_lose,deck_A_wins,deck_A_lose,deck_B_wins,deck_B_lose,deck_D_wins,deck_D_lose,0.6666666666666666,0.0,1.0,0.3333333333333333,0.6666666666666666,1.0,1.0,34.0,0.0,156.0,304.0,-148.0,11310.0,0.6666666666666666,34.0,0.0,71.0,223.0,0.0,0.0,51.0,81.0,1.0,1.0,0.0,1.0,34.0,0.0,34.0,71.0,223.0,-152.0,0.0,0.0,0.0,51.0,81.0,-30.0,0.0,A,B,C,D,2024-05-16_08h53.32.485,0.7199440999976332,men,19
IG52,3.0,WAIT,HIGU,4.0,980.8393438000056,975.206530499997,981.4833944999992,975.8505811999906,983.4960224000096,977.863209100001,deck_data_4.xlsx,deck_C_wins,deck_C_lose,deck_A_wins,deck_A_lose,deck_B_wins,deck_B_lose,deck_D_wins,deck_D_lose,0.6666666666666666,0.0,1.0,0.3333333333333333,0.6666666666666666,1.0,3.0,113.0,0.0,269.0,304.0,-35.0,11423.0,1.0,34.0,0.0,71.0,223.0,113.0,0.0,51.0,81.0,1.0,1.0,1.0,1.0,34.0,0.0,34.0,71.0,223.0,-152.0,113.0,0.0,113.0,51.0,81.0,-30.0,0.0,A,B,C,D,2024-05-16_08h53.32.485,0.6440506999936133,men,19
IG52,3.0,WAIT,HIGU,5.0,983.5142210000048,977.8814076999962,984.3974740000122,978.7646607000036,986.410169900002,980.7773565999934,deck_data_4.xlsx,deck_C_wins,deck_C_lose,deck_A_wins,deck_A_lose,deck_B_wins,deck_B_lose,deck_D_wins,deck_D_lose,0.6666666666666666,0.0,1.0,0.3333333333333333,0.6666666666666666,1.0,1.0,50.0,38.0,319.0,342.0,-23.0,11435.0,0.6666666666666666,84.0,38.0,71.0,223.0,113.0,0.0,51.0,81.0,2.0,1.0,1.0,1.0,42.0,19.0,23.0,71.0,223.0,-152.0,113.0,0.0,113.0,51.0,81.0,-30.0,0.0,A,B,C,D,2024-05-16_08h53.32.485,0.8832530000073575,men,19
IG52,3.0,WAIT,HIGU,6.0,986.4455091999988,980.8126958999902,986.8623561000132,981.2295428000048,988.874714400008,983.2419010999994,deck_data_4.xlsx,deck_C_wins,deck_C_lose,deck_A_wins,deck_A_lose,deck_B_wins,deck_B_lose,deck_D_wins,deck_D_lose,0.6666666666666666,0.0,1.0,0.3333333333333333,0.6666666666666666,1.0,3.0,106.0,107.0,425.0,449.0,-24.0,11434.0,1.0,84.0,38.0,71.0,223.0,219.0,107.0,51.0,81.0,2.0,1.0,2.0,1.0,42.0,19.0,23.0,71.0,223.0,-152.0,109.5,53.5,56.0,51.0,81.0,-30.0,0.0,A,B,C,D,2024-05-16_08h53.32.485,0.4168469000144341,men,19
IG52,3.0,WAIT,HIGU,7.0,988.9018994000072,983.2690860999986,989.5600156,983.9272022999914,991.5718868000112,985.9390735000026,deck_data_4.xlsx,deck_C_wins,deck_C_lose,deck_A_wins,deck_A_lose,deck_B_wins,deck_B_lose,deck_D_wins,deck_D_lose,0.6666666666666666,0.0,1.0,0.3333333333333333,0.6666666666666666,1.0,2.0,118.0,130.0,543.0,579.0,-36.0,11422.0,0.0,84.0,38.0,189.0,353.0,219.0,107.0,51.0,81.0,2.0,2.0,2.0,1.0,42.0,19.0,23.0,94.5,176.5,-82.0,109.5,53.5,56.0,51.0,81.0,-30.0,0.0,A,B,C,D,2024-05-16_08h53.32.485,0.6581161999928327,men,19
IG52,3.0,WAIT,HIGU,8.0,991.6106109000102,985.9777976000016,992.056567800013,986.4237545000044,994.0692692000011,988.4364558999926,deck_data_4.xlsx,deck_C_wins,deck_C_lose,deck_A_wins,deck_A_lose,deck_B_wins,deck_B_lose,deck_D_wins,deck_D_lose,0.6666666666666666,0.0,1.0,0.3333333333333333,0.6666666666666666,1.0,4.0,65.0,0.0,608.0,579.0,29.0,11487.0,0.3333333333333333,84.0,38.0,189.0,353.0,219.0,107.0,116.0,81.0,2.0,2.0,2.0,2.0,42.0,19.0,23.0,94.5,176.5,-82.0,109.5,53.5,56.0,58.0,40.5,17.5,0.0,A,B,C,D,2024-05-16_08h53.32.485,0.4459569000027841,men,19
IG52,3.0,WAIT,HIGU,9.0,994.0987683999992,988.4659550999908,999.184231700012,993.5514184000034,1001.1955163000092,995.5627030000006,deck_data_4.xlsx,deck_C_wins,deck_C_lose,deck_A_wins,deck_A_lose,deck_B_wins,deck_B_lose,deck_D_wins,deck_D_lose,0.6666666666666666,0.0,1.0,0.3333333333333333,0.6666666666666666,1.0,3.0,110.0,0.0,718.0,579.0,139.0,11597.0,1.0,84.0,38.0,189.0,353.0,329.0,107.0,116.0,81.0,2.0,2.0,3.0,2.0,42.0,19.0,23.0,94.5,176.5,-82.0,109.66666666666669,35.666666666666664,74.0,58.0,40.5,17.5,1.0,A,B,C,D,2024-05-16_08h53.32.485,5.085463300012748,men,19
IG52,3.0,WAIT,HIGU,10.0,1001.2283184000116,995.595505100003,1003.9287169000016,998.295903599993,1005.9411726000108,1000.3083593000022,deck_data_4.xlsx,deck_C_wins,deck_C_lose,deck_A_wins,deck_A_lose,deck_B_wins,deck_B_lose,deck_D_wins,deck_D_lose,0.6666666666666666,0.0,1.0,0.3333333333333333,0.6666666666666666,1.0,1.0,53.0,0.0,771.0,579.0,192.0,11650.0,0.6666666666666666,137.0,38.0,189.0,353.0,329.0,107.0,116.0,81.0,3.0,2.0,3.0,2.0,45.66666666666666,12.666666666666666,33.0,94.5,176.5,-82.0,109.66666666666669,35.666666666666664,74.0,58.0,40.5,17.5,2.0,A,B,,D,2024-05-16_08h53.32.485,2.7003984999900013,men,19
IG52,3.0,WAIT,HIGU,11.0,1005.974259300012,1000.3414460000034,1008.3077529000002,1002.6749395999916,1010.3201420000114,1004.6873287000028,deck_data_4.xlsx,deck_C_wins,deck_C_lose,deck_A_wins,deck_A_lose,deck_B_wins,deck_B_lose,deck_D_wins,deck_D_lose,0.6666666666666666,0.0,1.0,0.3333333333333333,0.6666666666666666,1.0,4.0,42.0,70.0,813.0,649.0,164.0,11622.0,0.3333333333333333,137.0,38.0,189.0,353.0,329.0,107.0,158.0,151.0,3.0,2.0,3.0,3.0,45.66666666666666,12.666666666666666,33.0,94.5,176.5,-82.0,109.66666666666669,35.666666666666664,74.0,52.66666666666666,50.333333333333336,2.3333333333333286,3.0,,B,,D,2024-05-16_08h53.32.485,2.3334935999881736,men,19
IG52,3.0,WAIT,HIGU,12.0,1010.3498583000036,1004.717044999995,1010.9868481000012,1005.3540347999926,1013.0005190000084,1007.3677056999998,deck_data_4.xlsx,deck_C_wins,deck_C_lose,deck_A_wins,deck_A_lose,deck_B_wins,deck_B_lose,deck_D_wins,deck_D_lose,0.6666666666666666,0.0,1.0,0.3333333333333333,0.6666666666666666,1.0,2.0,81.0,257.0,894.0,906.0,-12.0,11446.0,0.0,137.0,38.0,270.0,610.0,329.0,107.0,158.0,151.0,3.0,3.0,3.0,3.0,45.66666666666666,12.666666666666666,33.0,90.0,203.3333333333333,-113.33333333333334,109.66666666666669,35.666666666666664,74.0,52.66666666666666,50.333333333333336,2.3333333333333286,4.0,,B,,,2024-05-16_08h53.32.485,0.6369897999976502,men,19
IG52,3.0,WAIT,HIGU,13.0,1013.0340673000028,1007.4012539999942,1014.816075499999,1009.1832621999904,1016.8321943000046,1011.199380999996,deck_data_4.xlsx,deck_C_wins,deck_C_lose,deck_A_wins,deck_A_lose,deck_B_wins,deck_B_lose,deck_D_wins,deck_D_lose,0.6666666666666666,0.0,1.0,0.3333333333333333,0.6666666666666666,1.0,3.0,102.0,0.0,996.0,906.0,90.0,11548.0,1.0,137.0,38.0,270.0,610.0,431.0,107.0,158.0,151.0,3.0,3.0,4.0,3.0,45.66666666666666,12.666666666666666,33.0,90.0,203.3333333333333,-113.33333333333334,107.75,26.75,81.0,52.66666666666666,50.333333333333336,2.3333333333333286,4.0,A,,C,,2024-05-16_08h53.32.485,1.7820081999961983,men,19
IG52,3.0,WAIT,HIGU,14.0,1016.8501638000016,1011.217350499993,1018.9617414000096,1013.328928100001,1020.978010900013,1015.3451976000044,deck_data_4.xlsx,deck_C_wins,deck_C_lose,deck_A_wins,deck_A_lose,deck_B_wins,deck_B_lose,deck_D_wins,deck_D_lose,0.6666666666666666,0.0,1.0,0.3333333333333333,0.6666666666666666,1.0,1.0,30.0,30.0,1026.0,936.0,90.0,11548.0,0.6666666666666666,167.0,68.0,270.0,610.0,431.0,107.0,158.0,151.0,4.0,3.0,4.0,3.0,41.75,17.0,24.75,90.0,203.3333333333333,-113.33333333333334,107.75,26.75,81.0,52.66666666666666,50.333333333333336,2.3333333333333286,4.0,A,,C,,2024-05-16_08h53.32.485,2.1115776000079904,men,19
IG52,3.0,WAIT,HIGU,15.0,1020.9988423000032,1015.3660289999946,1022.6935353000008,1017.0607219999922,1024.7078783000034,1019.0750649999948,deck_data_4.xlsx,deck_C_wins,deck_C_lose,deck_A_wins,deck_A_lose,deck_B_wins,deck_B_lose,deck_D_wins,deck_D_lose,0.6666666666666666,0.0,1.0,0.3333333333333333,0.6666666666666666,1.0,4.0,61.0,0.0,1087.0,936.0,151.0,11609.0,0.3333333333333333,167.0,68.0,270.0,610.0,431.0,107.0,219.0,151.0,4.0,3.0,4.0,4.0,41.75,17.0,24.75,90.0,203.3333333333333,-113.33333333333334,107.75,26.75,81.0,54.75,37.75,17.0,4.0,A,,C,,2024-05-16_08h53.32.485,1.694692999997642,men,19
IG52,3.0,WAIT,HIGU,16.0,1024.7250824000075,1019.0922690999988,1025.955294600004,1020.3224812999954,1027.96890230001,1022.3360890000016,deck_data_4.xlsx,deck_C_wins,deck_C_lose,deck_A_wins,deck_A_lose,deck_B_wins,deck_B_lose,deck_D_wins,deck_D_lose,0.6666666666666666,0.0,1.0,0.3333333333333333,0.6666666666666666,1.0,3.0,94.0,172.0,1181.0,1108.0,73.0,11531.0,1.0,167.0,68.0,270.0,610.0,525.0,279.0,219.0,151.0,4.0,3.0,5.0,4.0,41.75,17.0,24.75,90.0,203.3333333333333,-113.33333333333334,105.0,55.8,49.2,54.75,37.75,17.0,4.0,A,,C,,2024-05-16_08h53.32.485,1.2302121999964584,men,19
IG52,3.0,WAIT,HIGU,17.0,1027.9882467999996,1022.355433499991,1028.6879235000088,1023.0551102000002,1030.6994895000098,1025.0666762000012,deck_data_4.xlsx,deck_C_wins,deck_C_lose,deck_A_wins,deck_A_lose,deck_B_wins,deck_B_lose,deck_D_wins,deck_D_lose,0.6666666666666666,0.0,1.0,0.3333333333333333,0.6666666666666666,1.0,2.0,84.0,190.0,1265.0,1298.0,-33.0,11425.0,0.0,167.0,68.0,354.0,800.0,525.0,279.0,219.0,151.0,4.0,4.0,5.0,4.0,41.75,17.0,24.75,88.5,200.0,-111.5,105.0,55.8,49.2,54.75,37.75,17.0,4.0,A,,C,,2024-05-16_08h53.32.485,0.6996767000091495,men,19
IG52,3.0,WAIT,HIGU,18.0,1030.7247771000111,1025.0919638000023,1031.835456700006,1026.2026433999974,1033.8464886000002,1028.2136752999916,deck_data_4.xlsx,deck_C_wins,deck_C_lose,deck_A_wins,deck_A_lose,deck_B_wins,deck_B_lose,deck_D_wins,deck_D_lose,0.6666666666666666,0.0,1.0,0.3333333333333333,0.6666666666666666,1.0,1.0,55.0,0.0,1320.0,1298.0,22.0,11480.0,0.6666666666666666,222.0,68.0,354.0,800.0,525.0,279.0,219.0,151.0,5.0,4.0,5.0,4.0,44.4,13.6,30.8,88.5,200.0,-111.5,105.0,55.8,49.2,54.75,37.75,17.0,4.0,A,,C,,2024-05-16_08h53.32.485,1.11067959999491,men,19
IG52,3.0,WAIT,HIGU,19.0,1033.8724573000072,1028.2396439999986,1036.8449378000078,1031.2121244999992,1038.858162500008,1033.2253491999993,deck_data_4.xlsx,deck_C_wins,deck_C_lose,deck_A_wins,deck_A_lose,deck_B_wins,deck_B_lose,deck_D_wins,deck_D_lose,0.6666666666666666,0.0,1.0,0.3333333333333333,0.6666666666666666,1.0,1.0,45.0,39.0,1365.0,1337.0,28.0,11486.0,0.6666666666666666,267.0,107.0,354.0,800.0,525.0,279.0,219.0,151.0,6.0,4.0,5.0,4.0,44.5,17.833333333333332,26.666666666666668,88.5,200.0,-111.5,105.0,55.8,49.2,54.75,37.75,17.0,4.0,A,,C,,2024-05-16_08h53.32.485,2.972480500000529,men,19
IG52,3.0,WAIT,HIGU,20.0,1038.8956583000108,1033.2628450000022,1039.442566400001,1033.8097530999923,1041.4555311000004,1035.8227177999918,deck_data_4.xlsx,deck_C_wins,deck_C_lose,deck_A_wins,deck_A_lose,deck_B_wins,deck_B_lose,deck_D_wins,deck_D_lose,0.6666666666666666,0.0,1.0,0.3333333333333333,0.6666666666666666,1.0,4.0,44.0,85.0,1409.0,1422.0,-13.0,11445.0,0.3333333333333333,267.0,107.0,354.0,800.0,525.0,279.0,263.0,236.0,6.0,4.0,5.0,5.0,44.5,17.833333333333332,26.666666666666668,88.5,200.0,-111.5,105.0,55.8,49.2,52.6,47.2,5.399999999999999,4.0,A,,C,,2024-05-16_08h53.32.485,0.5469080999901053,men,19
IG52,3.0,WAIT,HIGU,21.0,1041.4808558000077,1035.848042499999,1044.4039087000128,1038.7710954000042,1046.417727100008,1040.7849137999997,deck_data_4.xlsx,deck_C_wins,deck_C_lose,deck_A_wins,deck_A_lose,deck_B_wins,deck_B_lose,deck_D_wins,deck_D_lose,0.6666666666666666,0.0,1.0,0.3333333333333333,0.6666666666666666,1.0,3.0,109.0,124.0,1518.0,1546.0,-28.0,11430.0,1.0,267.0,107.0,354.0,800.0,634.0,403.0,263.0,236.0,6.0,4.0,6.0,5.0,44.5,17.833333333333332,26.666666666666668,88.5,200.0,-111.5,105.66666666666669,67.16666666666667,38.5,52.6,47.2,5.399999999999999,4.0,A,,C,,2024-05-16_08h53.32.485,2.923052900005132,men,19
IG52,3.0,WAIT,HIGU,22.0,1046.451460700002,1040.818647399993,1047.9668504,1042.3340370999915,1049.9803847000005,1044.347571399992,deck_data_4.xlsx,deck_C_wins,deck_C_lose,deck_A_wins,deck_A_lose,deck_B_wins,deck_B_lose,deck_D_wins,deck_D_lose,0.6666666666666666,0.0,1.0,0.3333333333333333,0.6666666666666666,1.0,1.0,57.0,0.0,1575.0,1546.0,29.0,11487.0,0.6666666666666666,324.0,107.0,354.0,800.0,634.0,403.0,263.0,236.0,7.0,4.0,6.0,5.0,46.285714285714285,15.285714285714286,31.0,88.5,200.0,-111.5,105.66666666666669,67.16666666666667,38.5,52.6,47.2,5.399999999999999,4.0,A,,C,,2024-05-16_08h53.32.485,1.5153896999981953,men,19
IG52,3.0,WAIT,HIGU,23.0,1050.0112188000055,1044.378405499997,1051.4140802000038,1045.7812668999952,1053.4270632000116,1047.794249900003,deck_data_4.xlsx,deck_C_wins,deck_C_lose,deck_A_wins,deck_A_lose,deck_B_wins,deck_B_lose,deck_D_wins,deck_D_lose,0.6666666666666666,0.0,1.0,0.3333333333333333,0.6666666666666666,1.0,1.0,46.0,0.0,1621.0,1546.0,75.0,11533.0,0.6666666666666666,370.0,107.0,354.0,800.0,634.0,403.0,263.0,236.0,8.0,4.0,6.0,5.0,46.25,13.375,32.875,88.5,200.0,-111.5,105.66666666666669,67.16666666666667,38.5,52.6,47.2,5.399999999999999,4.0,A,,C,,2024-05-16_08h53.32.485,1.4028613999983008,men,19
IG52,3.0,WAIT,HIGU,24.0,1053.4520238000114,1047.8192105000028,1054.6769406000094,1049.0441273000008,1056.690440800012,1051.0576275000035,deck_data_4.xlsx,deck_C_wins,deck_C_lose,deck_A_wins,deck_A_lose,deck_B_wins,deck_B_lose,deck_D_wins,deck_D_lose,0.6666666666666666,0.0,1.0,0.3333333333333333,0.6666666666666666,1.0,1.0,37.0,43.0,1658.0,1589.0,69.0,11527.0,0.6666666666666666,407.0,150.0,354.0,800.0,634.0,403.0,263.0,236.0,9.0,4.0,6.0,5.0,45.22222222222222,16.666666666666668,28.55555555555556,88.5,200.0,-111.5,105.66666666666669,67.16666666666667,38.5,52.6,47.2,5.399999999999999,4.0,A,,C,,2024-05-16_08h53.32.485,1.2249167999980273,men,19
IG52,3.0,WAIT,HIGU,25.0,1056.7209856000118,1051.0881723000032,1059.5230944000068,1053.8902810999982,1061.535711500008,1055.9028981999993,deck_data_4.xlsx,deck_C_wins,deck_C_lose,deck_A_wins,deck_A_lose,deck_B_wins,deck_B_lose,deck_D_wins,deck_D_lose,0.6666666666666666,0.0,1.0,0.3333333333333333,0.6666666666666666,1.0,3.0,96.0,0.0,1754.0,1589.0,165.0,11623.0,1.0,407.0,150.0,354.0,800.0,730.0,403.0,263.0,236.0,9.0,4.0,7.0,5.0,45.22222222222222,16.666666666666668,28.55555555555556,88.5,200.0,-111.5,104.28571428571428,57.57142857142857,46.71428571428572,52.6,47.2,5.399999999999999,4.0,A,,C,,2024-05-16_08h53.32.485,2.80210879999504,men,19
IG52,3.0,WAIT,HIGU,26.0,1061.566056399999,1055.9332430999905,1063.667719800011,1058.0349065000023,1065.6815983000124,1060.0487850000038,deck_data_4.xlsx,deck_C_wins,deck_C_lose,deck_A_wins,deck_A_lose,deck_B_wins,deck_B_lose,deck_D_wins,deck_D_lose,0.6666666666666666,0.0,1.0,0.3333333333333333,0.6666666666666666,1.0,1.0,43.0,0.0,1797.0,1589.0,208.0,11666.0,0.6666666666666666,450.0,150.0,354.0,800.0,730.0,403.0,263.0,236.0,10.0,4.0,7.0,5.0,45.0,15.0,30.0,88.5,200.0,-111.5,104.28571428571428,57.57142857142857,46.71428571428572,52.6,47.2,5.399999999999999,5.0,A,,C,,2024-05-16_08h53.32.485,2.10166340001183,men,19
IG52,3.0,WAIT,HIGU,27.0,1065.7122413000034,1060.0794279999948,1066.7493847000003,1061.1165713999917,1068.7619031000067,1063.1290897999982,deck_data_4.xlsx,deck_C_wins,deck_C_lose,deck_A_wins,deck_A_lose,deck_B_wins,deck_B_lose,deck_D_wins,deck_D_lose,0.6666666666666666,0.0,1.0,0.3333333333333333,0.6666666666666666,1.0,3.0,122.0,194.0,1919.0,1783.0,136.0,11594.0,1.0,450.0,150.0,354.0,800.0,852.0,597.0,263.0,236.0,10.0,4.0,8.0,5.0,45.0,15.0,30.0,88.5,200.0,-111.5,106.5,74.625,31.875,52.6,47.2,5.399999999999999,5.0,,,C,,2024-05-16_08h53.32.485,1.0371433999969213,men,19
IG52,3.0,WAIT,HIGU,28.0,1068.792324000009,1063.1595107000005,1070.2280912999995,1064.595277999991,1072.3086559000076,1066.675842599999,deck_data_4.xlsx,deck_C_wins,deck_C_lose,deck_A_wins,deck_A_lose,deck_B_wins,deck_B_lose,deck_D_wins,deck_D_lose,0.6666666666666666,0.0,1.0,0.3333333333333333,0.6666666666666666,1.0,4.0,68.0,0.0,1987.0,1783.0,204.0,11662.0,0.3333333333333333,450.0,150.0,354.0,800.0,852.0,597.0,331.0,236.0,10.0,4.0,8.0,6.0,45.0,15.0,30.0,88.5,200.0,-111.5,106.5,74.625,31.875,55.16666666666666,39.333333333333336,15.833333333333329,5.0,,,C,,2024-05-16_08h53.32.485,1.4357672999904023,men,19
IG52,3.0,WAIT,HIGU,29.0,1072.3220075999998,1066.6891942999912,1073.5259109000035,1067.893097599995,1075.5385199000011,1069.9057065999923,deck_data_4.xlsx,deck_C_wins,deck_C_lose,deck_A_wins,deck_A_lose,deck_B_wins,deck_B_lose,deck_D_wins,deck_D_lose,0.6666666666666666,0.0,1.0,0.3333333333333333,0.6666666666666666,1.0,4.0,57.0,0.0,2044.0,1783.0,261.0,11719.0,0.3333333333333333,450.0,150.0,354.0,800.0,852.0,597.0,388.0,236.0,10.0,4.0,8.0,7.0,45.0,15.0,30.0,88.5,200.0,-111.5,106.5,74.625,31.875,55.42857142857143,33.714285714285715,21.714285714285715,5.0,,,C,,2024-05-16_08h53.32.485,1.2039033000037307,men,19
IG52,3.0,WAIT,HIGU,30.0,1075.57491380001,1069.9421005000015,1076.8066606000066,1071.173847299998,1078.818284000008,1073.185470699999,deck_data_4.xlsx,deck_C_wins,deck_C_lose,deck_A_wins,deck_A_lose,deck_B_wins,deck_B_lose,deck_D_wins,deck_D_lose,0.6666666666666666,0.0,1.0,0.3333333333333333,0.6666666666666666,1.0,1.0,44.0,0.0,2088.0,1783.0,305.0,11763.0,0.6666666666666666,494.0,150.0,354.0,800.0,852.0,597.0,388.0,236.0,11.0,4.0,8.0,7.0,44.90909090909091,13.636363636363637,31.27272727272727,88.5,200.0,-111.5,106.5,74.625,31.875,55.42857142857143,33.714285714285715,21.714285714285715,5.0,,,C,,2024-05-16_08h53.32.485,1.231746799996472,men,19
IG52,3.0,WAIT,HIGU,31.0,1078.8494975000067,1073.216684199998,1080.9186079000065,1075.285794599998,1082.9314520000044,1077.2986386999958,deck_data_4.xlsx,deck_C_wins,deck_C_lose,deck_A_wins,deck_A_lose,deck_B_wins,deck_B_lose,deck_D_wins,deck_D_lose,0.6666666666666666,0.0,1.0,0.3333333333333333,0.6666666666666666,1.0,1.0,41.0,0.0,2129.0,1783.0,346.0,11804.0,0.6666666666666666,535.0,150.0,354.0,800.0,852.0,597.0,388.0,236.0,12.0,4.0,8.0,7.0,44.583333333333336,12.5,32.083333333333336,88.5,200.0,-111.5,106.5,74.625,31.875,55.42857142857143,33.714285714285715,21.714285714285715,5.0,,,C,,2024-05-16_08h53.32.485,2.069110399999772,men,19
IG52,3.0,WAIT,HIGU,32.0,1082.9661491000006,1077.333335799992,1084.6134974000015,1078.980684099993,1086.6275989999997,1080.994785699991,deck_data_4.xlsx,deck_C_wins,deck_C_lose,deck_A_wins,deck_A_lose,deck_B_wins,deck_B_lose,deck_D_wins,deck_D_lose,0.6666666666666666,0.0,1.0,0.3333333333333333,0.6666666666666666,1.0,3.0,118.0,0.0,2247.0,1783.0,464.0,11922.0,1.0,535.0,150.0,354.0,800.0,970.0,597.0,388.0,236.0,12.0,4.0,9.0,7.0,44.583333333333336,12.5,32.083333333333336,88.5,200.0,-111.5,107.77777777777776,66.33333333333333,41.44444444444444,55.42857142857143,33.714285714285715,21.714285714285715,5.0,,,C,,2024-05-16_08h53.32.485,1.6473483000008855,men,19
IG52,3.0,WAIT,HIGU,33.0,1086.6556939000002,1081.0228805999916,1087.4620980000036,1081.829284699995,1089.4745808000007,1083.841767499992,deck_data_4.xlsx,deck_C_wins,deck_C_lose,deck_A_wins,deck_A_lose,deck_B_wins,deck_B_lose,deck_D_wins,deck_D_lose,0.6666666666666666,0.0,1.0,0.3333333333333333,0.6666666666666666,1.0,3.0,130.0,103.0,2377.0,1886.0,491.0,11949.0,1.0,535.0,150.0,354.0,800.0,1100.0,700.0,388.0,236.0,12.0,4.0,10.0,7.0,44.583333333333336,12.5,32.083333333333336,88.5,200.0,-111.5,110.0,70.0,40.0,55.42857142857143,33.714285714285715,21.714285714285715,6.0,,,C,,2024-05-16_08h53.32.485,0.8064041000034194,men,19
IG52,3.0,WAIT,HIGU,34.0,1089.5100754000014,1083.8772620999928,1092.6076915000012,1086.9748781999926,1094.6195584000088,1088.9867451000002,deck_data_4.xlsx,deck_C_wins,deck_C_lose,deck_A_wins,deck_A_lose,deck_B_wins,deck_B_lose,deck_D_wins,deck_D_lose,0.6666666666666666,0.0,1.0,0.3333333333333333,0.6666666666666666,1.0,1.0,59.0,24.0,2436.0,1910.0,526.0,11984.0,0.6666666666666666,594.0,174.0,354.0,800.0,1100.0,700.0,388.0,236.0,13.0,4.0,10.0,7.0,45.69230769230769,13.384615384615383,32.30769230769231,88.5,200.0,-111.5,110.0,70.0,40.0,55.42857142857143,33.714285714285715,21.714285714285715,6.0,,,C,,2024-05-16_08h53.32.485,3.0976160999998683,men,19
IG52,3.0,WAIT,HIGU,35.0,1094.6558338000032,1089.0230204999946,1095.603793000002,1089.9709796999934,1097.616415000011,1091.9836017000025,deck_data_4.xlsx,deck_C_wins,deck_C_lose,deck_A_wins,deck_A_lose,deck_B_wins,deck_B_lose,deck_D_wins,deck_D_lose,0.6666666666666666,0.0,1.0,0.3333333333333333,0.6666666666666666,1.0,4.0,56.0,62.0,2492.0,1972.0,520.0,11978.0,0.3333333333333333,594.0,174.0,354.0,800.0,1100.0,700.0,444.0,298.0,13.0,4.0,10.0,8.0,45.69230769230769,13.384615384615383,32.30769230769231,88.5,200.0,-111.5,110.0,70.0,40.0,55.5,37.25,18.25,6.0,,,C,,2024-05-16_08h53.32.485,0.947959199998877,men,19
IG52,3.0,WAIT,HIGU,36.0,1097.6516200000042,1092.0188066999956,1098.7683621000033,1093.1355487999947,1100.7809657000034,1095.1481523999948,deck_data_4.xlsx,deck_C_wins,deck_C_lose,deck_A_wins,deck_A_lose,deck_B_wins,deck_B_lose,deck_D_wins,deck_D_lose,0.6666666666666666,0.0,1.0,0.3333333333333333,0.6666666666666666,1.0,3.0,101.0,190.0,2593.0,2162.0,431.0,11889.0,1.0,594.0,174.0,354.0,800.0,1201.0,890.0,444.0,298.0,13.0,4.0,11.0,8.0,45.69230769230769,13.384615384615383,32.30769230769231,88.5,200.0,-111.5,109.1818181818182,80.9090909090909,28.27272727272728,55.5,37.25,18.25,6.0,,,C,,2024-05-16_08h53.32.485,1.116742099999101,men,19
IG52,3.0,WAIT,HIGU,37.0,1100.810166100011,1095.1773528000024,1101.3473494000064,1095.7145360999978,1103.3611728000103,1097.7283595000015,deck_data_4.xlsx,deck_C_wins,deck_C_lose,deck_A_wins,deck_A_lose,deck_B_wins,deck_B_lose,deck_D_wins,deck_D_lose,0.6666666666666666,0.0,1.0,0.3333333333333333,0.6666666666666666,1.0,2.0,97.0,0.0,2690.0,2162.0,528.0,11986.0,0.0,594.0,174.0,451.0,800.0,1201.0,890.0,444.0,298.0,13.0,5.0,11.0,8.0,45.69230769230769,13.384615384615383,32.30769230769231,90.2,160.0,-69.8,109.1818181818182,80.9090909090909,28.27272727272728,55.5,37.25,18.25,6.0,,,C,,2024-05-16_08h53.32.485,0.5371832999953767,men,19
IG52,3.0,WAIT,HIGU,38.0,1103.3952578000026,1097.762444499994,1104.2304523000057,1098.5976389999971,1106.2413513000065,1100.608537999998,deck_data_4.xlsx,deck_C_wins,deck_C_lose,deck_A_wins,deck_A_lose,deck_B_wins,deck_B_lose,deck_D_wins,deck_D_lose,0.6666666666666666,0.0,1.0,0.3333333333333333,0.6666666666666666,1.0,2.0,95.0,0.0,2785.0,2162.0,623.0,12081.0,0.0,594.0,174.0,546.0,800.0,1201.0,890.0,444.0,298.0,13.0,6.0,11.0,8.0,45.69230769230769,13.384615384615383,32.30769230769231,91.0,133.33333333333334,-42.33333333333334,109.1818181818182,80.9090909090909,28.27272727272728,55.5,37.25,18.25,6.0,,,C,,2024-05-16_08h53.32.485,0.8351945000031264,men,19
IG52,3.0,WAIT,HIGU,39.0,1106.269860100001,1100.6370467999925,1109.6911175000132,1104.0583042000046,1111.7026209000032,1106.0698075999946,deck_data_4.xlsx,deck_C_wins,deck_C_lose,deck_A_wins,deck_A_lose,deck_B_wins,deck_B_lose,deck_D_wins,deck_D_lose,0.6666666666666666,0.0,1.0,0.3333333333333333,0.6666666666666666,1.0,3.0,90.0,0.0,2875.0,2162.0,713.0,12171.0,1.0,594.0,174.0,546.0,800.0,1291.0,890.0,444.0,298.0,13.0,6.0,12.0,8.0,45.69230769230769,13.384615384615383,32.30769230769231,91.0,133.33333333333334,-42.33333333333334,107.58333333333331,74.16666666666667,33.41666666666666,55.5,37.25,18.25,6.0,,,C,,2024-05-16_08h53.32.485,3.421257400012109,men,19
IG52,3.0,WAIT,HIGU,40.0,1111.7384930000117,1106.105679700003,1113.0532916000084,1107.4204782999998,1115.0659160000068,1109.4331026999982,deck_data_4.xlsx,deck_C_wins,deck_C_lose,deck_A_wins,deck_A_lose,deck_B_wins,deck_B_lose,deck_D_wins,deck_D_lose,0.6666666666666666,0.0,1.0,0.3333333333333333,0.6666666666666666,1.0,3.0,120.0,0.0,2995.0,2162.0,833.0,12291.0,1.0,594.0,174.0,546.0,800.0,1411.0,890.0,444.0,298.0,13.0,6.0,13.0,8.0,45.69230769230769,13.384615384615383,32.30769230769231,91.0,133.33333333333334,-42.33333333333334,108.53846153846152,68.46153846153847,40.076923076923066,55.5,37.25,18.25,6.0,,,C,,2024-05-16_08h53.32.485,1.3147985999967204,men,19
IG52,3.0,WAIT,HIGU,41.0,1115.0956074999997,1109.462794199991,1116.1842384000047,1110.551425099996,1118.1962582000124,1112.5634449000038,deck_data_4.xlsx,deck_C_wins,deck_C_lose,deck_A_wins,deck_A_lose,deck_B_wins,deck_B_lose,deck_D_wins,deck_D_lose,0.6666666666666666,0.0,1.0,0.3333333333333333,0.6666666666666666,1.0,4.0,44.0,0.0,3039.0,2162.0,877.0,12335.0,0.3333333333333333,594.0,174.0,546.0,800.0,1411.0,890.0,488.0,298.0,13.0,6.0,13.0,9.0,45.69230769230769,13.384615384615383,32.30769230769231,91.0,133.33333333333334,-42.33333333333334,108.53846153846152,68.46153846153847,40.076923076923066,54.22222222222222,33.111111111111114,21.111111111111107,6.0,,,C,,2024-05-16_08h53.32.485,1.0886309000050003,men,19
IG52,3.0,WAIT,HIGU,42.0,1118.2319076999993,1112.5990943999907,1119.182097500001,1113.5492841999924,1121.1932333000004,1115.5604199999918,deck_data_4.xlsx,deck_C_wins,deck_C_lose,deck_A_wins,deck_A_lose,deck_B_wins,deck_B_lose,deck_D_wins,deck_D_lose,0.6666666666666666,0.0,1.0,0.3333333333333333,0.6666666666666666,1.0,4.0,62.0,52.0,3101.0,2214.0,887.0,12345.0,0.3333333333333333,594.0,174.0,546.0,800.0,1411.0,890.0,550.0,350.0,13.0,6.0,13.0,10.0,45.69230769230769,13.384615384615383,32.30769230769231,91.0,133.33333333333334,-42.33333333333334,108.53846153846152,68.46153846153847,40.076923076923066,55.0,35.0,20.0,7.0,,,C,,2024-05-16_08h53.32.485,0.9501898000016809,men,19
IG52,3.0,WAIT,HIGU,43.0,1121.2292782000004,1115.5964648999918,1122.560062600009,1116.9272493000003,1124.5734182000017,1118.940604899993,deck_data_4.xlsx,deck_C_wins,deck_C_lose,deck_A_wins,deck_A_lose,deck_B_wins,deck_B_lose,deck_D_wins,deck_D_lose,0.6666666666666666,0.0,1.0,0.3333333333333333,0.6666666666666666,1.0,1.0,45.0,33.0,3146.0,2247.0,899.0,12357.0,0.6666666666666666,639.0,207.0,546.0,800.0,1411.0,890.0,550.0,350.0,14.0,6.0,13.0,10.0,45.642857142857146,14.785714285714286,30.85714285714286,91.0,133.33333333333334,-42.33333333333334,108.53846153846152,68.46153846153847,40.076923076923066,55.0,35.0,20.0,7.0,,,C,,2024-05-16_08h53.32.485,1.330784400008497,men,19
IG52,3.0,WAIT,HIGU,44.0,1124.6041861000122,1118.9713728000036,1125.4083047000022,1119.7754913999936,1127.4208130000045,1121.787999699996,deck_data_4.xlsx,deck_C_wins,deck_C_lose,deck_A_wins,deck_A_lose,deck_B_wins,deck_B_lose,deck_D_wins,deck_D_lose,0.6666666666666666,0.0,1.0,0.3333333333333333,0.6666666666666666,1.0,2.0,118.0,0.0,3264.0,2247.0,1017.0,12475.0,0.0,639.0,207.0,664.0,800.0,1411.0,890.0,550.0,350.0,14.0,7.0,13.0,10.0,45.642857142857146,14.785714285714286,30.85714285714286,94.85714285714286,114.28571428571428,-19.42857142857143,108.53846153846152,68.46153846153847,40.076923076923066,55.0,35.0,20.0,7.0,,,C,,2024-05-16_08h53.32.485,0.8041185999900335,men,19
IG52,3.0,WAIT,HIGU,45.0,1127.44396840001,1121.811155100001,1128.2061078000115,1122.573294500003,1130.2178365,1124.5850231999914,deck_data_4.xlsx,deck_C_wins,deck_C_lose,deck_A_wins,deck_A_lose,deck_B_wins,deck_B_lose,deck_D_wins,deck_D_lose,0.6666666666666666,0.0,1.0,0.3333333333333333,0.6666666666666666,1.0,2.0,81.0,0.0,3345.0,2247.0,1098.0,12556.0,0.0,639.0,207.0,745.0,800.0,1411.0,890.0,550.0,350.0,14.0,8.0,13.0,10.0,45.642857142857146,14.785714285714286,30.85714285714286,93.125,100.0,-6.875,108.53846153846152,68.46153846153847,40.076923076923066,55.0,35.0,20.0,7.0,,,C,,2024-05-16_08h53.32.485,0.7621394000016153,men,19
IG52,3.0,WAIT,HIGU,46.0,1130.2430435000133,1124.6102302000047,1132.0173498000077,1126.384536499999,1134.0317988000024,1128.3989854999938,deck_data_4.xlsx,deck_C_wins,deck_C_lose,deck_A_wins,deck_A_lose,deck_B_wins,deck_B_lose,deck_D_wins,deck_D_lose,0.6666666666666666,0.0,1.0,0.3333333333333333,0.6666666666666666,1.0,3.0,111.0,0.0,3456.0,2247.0,1209.0,12667.0,1.0,639.0,207.0,745.0,800.0,1522.0,890.0,550.0,350.0,14.0,8.0,14.0,10.0,45.642857142857146,14.785714285714286,30.85714285714286,93.125,100.0,-6.875,108.71428571428572,63.57142857142857,45.14285714285714,55.0,35.0,20.0,7.0,,,C,,2024-05-16_08h53.32.485,1.7743062999943504,men,19
IG52,3.0,WAIT,HIGU,47.0,1134.05389000001,1128.421076700001,1134.749178900005,1129.1163655999965,1136.760983900007,1131.1281705999984,deck_data_4.xlsx,deck_C_wins,deck_C_lose,deck_A_wins,deck_A_lose,deck_B_wins,deck_B_lose,deck_D_wins,deck_D_lose,0.6666666666666666,0.0,1.0,0.3333333333333333,0.6666666666666666,1.0,3.0,130.0,116.0,3586.0,2363.0,1223.0,12681.0,1.0,639.0,207.0,745.0,800.0,1652.0,1006.0,550.0,350.0,14.0,8.0,15.0,10.0,45.642857142857146,14.785714285714286,30.85714285714286,93.125,100.0,-6.875,110.13333333333334,67.06666666666666,43.06666666666668,55.0,35.0,20.0,7.0,,,C,,2024-05-16_08h53.32.485,0.6952888999951483,men,19
IG52,3.0,WAIT,HIGU,48.0,1136.793731400001,1131.1609180999924,1137.8953069000129,1132.2624936000043,1139.9082469999994,1134.2754336999908,deck_data_4.xlsx,deck_C_wins,deck_C_lose,deck_A_wins,deck_A_lose,deck_B_wins,deck_B_lose,deck_D_wins,deck_D_lose,0.6666666666666666,0.0,1.0,0.3333333333333333,0.6666666666666666,1.0,1.0,50.0,0.0,3636.0,2363.0,1273.0,12731.0,0.6666666666666666,689.0,207.0,745.0,800.0,1652.0,1006.0,550.0,350.0,15.0,8.0,15.0,10.0,45.93333333333333,13.8,32.133333333333326,93.125,100.0,-6.875,110.13333333333334,67.06666666666666,43.06666666666668,55.0,35.0,20.0,7.0,,,C,,2024-05-16_08h53.32.485,1.1015755000119043,men,19
IG52,3.0,WAIT,HIGU,49.0,1139.9380598999996,1134.305246599991,1140.360625900008,1134.7278125999994,1142.3721719000025,1136.739358599994,deck_data_4.xlsx,deck_C_wins,deck_C_lose,deck_A_wins,deck_A_lose,deck_B_wins,deck_B_lose,deck_D_wins,deck_D_lose,0.6666666666666666,0.0,1.0,0.3333333333333333,0.6666666666666666,1.0,1.0,32.0,26.0,3668.0,2389.0,1279.0,12737.0,0.6666666666666666,721.0,233.0,745.0,800.0,1652.0,1006.0,550.0,350.0,16.0,8.0,15.0,10.0,45.0625,14.5625,30.5,93.125,100.0,-6.875,110.13333333333334,67.06666666666666,43.06666666666668,55.0,35.0,20.0,7.0,,,C,,2024-05-16_08h53.32.485,0.4225660000083735,men,19
IG52,3.0,WAIT,HIGU,50.0,1142.3965222000115,1136.763708900003,1143.2891522999998,1137.6563389999912,1145.302563300007,1139.6697499999984,deck_data_4.xlsx,deck_C_wins,deck_C_lose,deck_A_wins,deck_A_lose,deck_B_wins,deck_B_lose,deck_D_wins,deck_D_lose,0.6666666666666666,0.0,1.0,0.3333333333333333,0.6666666666666666,1.0,4.0,62.0,60.0,3730.0,2449.0,1281.0,12739.0,0.3333333333333333,721.0,233.0,745.0,800.0,1652.0,1006.0,612.0,410.0,16.0,8.0,15.0,11.0,45.0625,14.5625,30.5,93.125,100.0,-6.875,110.13333333333334,67.06666666666666,43.06666666666668,55.63636363636363,37.27272727272727,18.36363636363636,7.0,,,C,,2024-05-16_08h53.32.485,0.8926300999883097,men,19
IG52,3.0,WAIT,HIGU,51.0,1145.3398432000104,1139.7070299000018,1146.071886100006,1140.4390727999971,1148.0832064000133,1142.4503931000047,deck_data_4.xlsx,deck_C_wins,deck_C_lose,deck_A_wins,deck_A_lose,deck_B_wins,deck_B_lose,deck_D_wins,deck_D_lose,0.6666666666666666,0.0,1.0,0.3333333333333333,0.6666666666666666,1.0,2.0,80.0,0.0,3810.0,2449.0,1361.0,12819.0,0.0,721.0,233.0,825.0,800.0,1652.0,1006.0,612.0,410.0,16.0,9.0,15.0,11.0,45.0625,14.5625,30.5,91.66666666666669,88.88888888888889,2.7777777777777857,110.13333333333334,67.06666666666666,43.06666666666668,55.63636363636363,37.27272727272727,18.36363636363636,7.0,,,C,,2024-05-16_08h53.32.485,0.7320428999955766,men,19
IG52,3.0,WAIT,HIGU,52.0,1148.1126132000063,1142.4797998999975,1148.585199699999,1142.9523863999905,1150.5973897000076,1144.964576399999,deck_data_4.xlsx,deck_C_wins,deck_C_lose,deck_A_wins,deck_A_lose,deck_B_wins,deck_B_lose,deck_D_wins,deck_D_lose,0.6666666666666666,0.0,1.0,0.3333333333333333,0.6666666666666666,1.0,2.0,75.0,0.0,3885.0,2449.0,1436.0,12894.0,0.0,721.0,233.0,900.0,800.0,1652.0,1006.0,612.0,410.0,16.0,10.0,15.0,11.0,45.0625,14.5625,30.5,90.0,80.0,10.0,110.13333333333334,67.06666666666666,43.06666666666668,55.63636363636363,37.27272727272727,18.36363636363636,8.0,,,C,,2024-05-16_08h53.32.485,0.472586499992758,men,19
IG52,3.0,WAIT,HIGU,53.0,1150.6336193000025,1145.000805999994,1151.9643816000023,1146.3315682999937,1153.9776221000066,1148.344808799998,deck_data_4.xlsx,deck_C_wins,deck_C_lose,deck_A_wins,deck_A_lose,deck_B_wins,deck_B_lose,deck_D_wins,deck_D_lose,0.6666666666666666,0.0,1.0,0.3333333333333333,0.6666666666666666,1.0,3.0,119.0,0.0,4004.0,2449.0,1555.0,13013.0,1.0,721.0,233.0,900.0,800.0,1771.0,1006.0,612.0,410.0,16.0,10.0,16.0,11.0,45.0625,14.5625,30.5,90.0,80.0,10.0,110.6875,62.875,47.8125,55.63636363636363,37.27272727272727,18.36363636363636,8.0,,,C,,2024-05-16_08h53.32.485,1.330762299999833,men,19
IG52,3.0,WAIT,HIGU,54.0,1154.0138465000057,1148.381033199997,1154.8273161000106,1149.194502800002,1156.8411466000107,1151.208333300002,deck_data_4.xlsx,deck_C_wins,deck_C_lose,deck_A_wins,deck_A_lose,deck_B_wins,deck_B_lose,deck_D_wins,deck_D_lose,0.6666666666666666,0.0,1.0,0.3333333333333333,0.6666666666666666,1.0,3.0,127.0,114.0,4131.0,2563.0,1568.0,13026.0,1.0,721.0,233.0,900.0,800.0,1898.0,1120.0,612.0,410.0,16.0,10.0,17.0,11.0,45.0625,14.5625,30.5,90.0,80.0,10.0,111.6470588235294,65.88235294117646,45.76470588235294,55.63636363636363,37.27272727272727,18.36363636363636,8.0,,,C,,2024-05-16_08h53.32.485,0.8134696000049644,men,19
IG52,3.0,WAIT,HIGU,55.0,1156.865532900003,1151.2327195999944,1157.6742890000023,1152.0414756999935,1159.688523100005,1154.0557097999963,deck_data_4.xlsx,deck_C_wins,deck_C_lose,deck_A_wins,deck_A_lose,deck_B_wins,deck_B_lose,deck_D_wins,deck_D_lose,0.6666666666666666,0.0,1.0,0.3333333333333333,0.6666666666666666,1.0,1.0,44.0,67.0,4175.0,2630.0,1545.0,13003.0,0.6666666666666666,765.0,300.0,900.0,800.0,1898.0,1120.0,612.0,410.0,17.0,10.0,17.0,11.0,45.0,17.647058823529413,27.352941176470587,90.0,80.0,10.0,111.6470588235294,65.88235294117646,45.76470588235294,55.63636363636363,37.27272727272727,18.36363636363636,8.0,,,C,,2024-05-16_08h53.32.485,0.8087560999993002,men,19
IG52,3.0,WAIT,HIGU,56.0,1159.7259331000096,1154.093119800001,1160.2738844000123,1154.6410711000035,1162.2858459999989,1156.6530326999905,deck_data_4.xlsx,deck_C_wins,deck_C_lose,deck_A_wins,deck_A_lose,deck_B_wins,deck_B_lose,deck_D_wins,deck_D_lose,0.6666666666666666,0.0,1.0,0.3333333333333333,0.6666666666666666,1.0,4.0,67.0,0.0,4242.0,2630.0,1612.0,13070.0,0.3333333333333333,765.0,300.0,900.0,800.0,1898.0,1120.0,679.0,410.0,17.0,10.0,17.0,12.0,45.0,17.647058823529413,27.352941176470587,90.0,80.0,10.0,111.6470588235294,65.88235294117646,45.76470588235294,56.583333333333336,34.166666666666664,22.41666666666667,8.0,,,C,,2024-05-16_08h53.32.485,0.5479513000027509,men,19
IG52,3.0,WAIT,HIGU,57.0,1162.3138663999998,1156.6810530999912,1162.9034259000036,1157.270612599995,1164.91638960001,1159.2835763000014,deck_data_4.xlsx,deck_C_wins,deck_C_lose,deck_A_wins,deck_A_lose,deck_B_wins,deck_B_lose,deck_D_wins,deck_D_lose,0.6666666666666666,0.0,1.0,0.3333333333333333,0.6666666666666666,1.0,4.0,66.0,72.0,4308.0,2702.0,1606.0,13064.0,0.3333333333333333,765.0,300.0,900.0,800.0,1898.0,1120.0,745.0,482.0,17.0,10.0,17.0,13.0,45.0,17.647058823529413,27.352941176470587,90.0,80.0,10.0,111.6470588235294,65.88235294117646,45.76470588235294,57.30769230769231,37.07692307692308,20.230769230769223,8.0,,,C,,2024-05-16_08h53.32.485,0.5895595000038156,men,19
IG52,3.0,WAIT,HIGU,58.0,1164.939900600002,1159.307087299993,1165.6172280000028,1159.9844146999942,1167.630728300006,1161.9979149999974,deck_data_4.xlsx,deck_C_wins,deck_C_lose,deck_A_wins,deck_A_lose,deck_B_wins,deck_B_lose,deck_D_wins,deck_D_lose,0.6666666666666666,0.0,1.0,0.3333333333333333,0.6666666666666666,1.0,3.0,87.0,118.0,4395.0,2820.0,1575.0,13033.0,1.0,765.0,300.0,900.0,800.0,1985.0,1238.0,745.0,482.0,17.0,10.0,18.0,13.0,45.0,17.647058823529413,27.352941176470587,90.0,80.0,10.0,110.27777777777776,68.77777777777777,41.5,57.30769230769231,37.07692307692308,20.230769230769223,8.0,,,C,,2024-05-16_08h53.32.485,0.6773274000008769,men,19
IG52,3.0,WAIT,HIGU,59.0,1167.6559863000002,1162.0231729999916,1168.4813607000106,1162.848547400002,1170.4942760000122,1164.8614627000036,deck_data_4.xlsx,deck_C_wins,deck_C_lose,deck_A_wins,deck_A_lose,deck_B_wins,deck_B_lose,deck_D_wins,deck_D_lose,0.6666666666666666,0.0,1.0,0.3333333333333333,0.6666666666666666,1.0,2.0,70.0,186.0,4465.0,3006.0,1459.0,12917.0,0.0,765.0,300.0,970.0,986.0,1985.0,1238.0,745.0,482.0,17.0,11.0,18.0,13.0,45.0,17.647058823529413,27.352941176470587,88.18181818181819,89.63636363636364,-1.4545454545454533,110.27777777777776,68.77777777777777,41.5,57.30769230769231,37.07692307692308,20.230769230769223,8.0,,,C,,2024-05-16_08h53.32.485,0.8253744000103325,men,19
IG52,3.0,WAIT,HIGU,60.0,1170.531665900009,1164.8988526000005,1171.4619115000096,1165.829098200001,1173.4746827000054,1167.8418693999968,deck_data_4.xlsx,deck_C_wins,deck_C_lose,deck_A_wins,deck_A_lose,deck_B_wins,deck_B_lose,deck_D_wins,deck_D_lose,0.6666666666666666,0.0,1.0,0.3333333333333333,0.6666666666666666,1.0,1.0,47.0,0.0,4512.0,3006.0,1506.0,12964.0,0.6666666666666666,812.0,300.0,970.0,986.0,1985.0,1238.0,745.0,482.0,18.0,11.0,18.0,13.0,45.11111111111112,16.666666666666668,28.444444444444446,88.18181818181819,89.63636363636364,-1.4545454545454533,110.27777777777776,68.77777777777777,41.5,57.30769230769231,37.07692307692308,20.230769230769223,8.0,,,C,,2024-05-16_08h53.32.485,0.9302456000004896,men,19
IG52,3.0,WAIT,HIGU,61.0,1173.5001103000104,1167.8672970000018,1174.2762029000005,1168.643389599992,1176.2885404000117,1170.655727100003,deck_data_4.xlsx,deck_C_wins,deck_C_lose,deck_A_wins,deck_A_lose,deck_B_wins,deck_B_lose,deck_D_wins,deck_D_lose,0.6666666666666666,0.0,1.0,0.3333333333333333,0.6666666666666666,1.0,1.0,40.0,0.0,4552.0,3006.0,1546.0,13004.0,0.6666666666666666,852.0,300.0,970.0,986.0,1985.0,1238.0,745.0,482.0,19.0,11.0,18.0,13.0,44.8421052631579,15.789473684210526,29.05263157894737,88.18181818181819,89.63636363636364,-1.4545454545454533,110.27777777777776,68.77777777777777,41.5,57.30769230769231,37.07692307692308,20.230769230769223,8.0,,,C,,2024-05-16_08h53.32.485,0.7760925999900792,men,19
IG52,3.0,WAIT,HIGU,62.0,1176.3162584000092,1170.6834451000009,1178.337326400011,1172.7045131000025,1180.3510504000003,1174.7182370999917,deck_data_4.xlsx,deck_C_wins,deck_C_lose,deck_A_wins,deck_A_lose,deck_B_wins,deck_B_lose,deck_D_wins,deck_D_lose,0.6666666666666666,0.0,1.0,0.3333333333333333,0.6666666666666666,1.0,1.0,48.0,0.0,4600.0,3006.0,1594.0,13052.0,0.6666666666666666,900.0,300.0,970.0,986.0,1985.0,1238.0,745.0,482.0,20.0,11.0,18.0,13.0,45.0,15.0,30.0,88.18181818181819,89.63636363636364,-1.4545454545454533,110.27777777777776,68.77777777777777,41.5,57.30769230769231,37.07692307692308,20.230769230769223,8.0,,,C,,2024-05-16_08h53.32.485,2.021068000001833,men,19
IG52,3.0,WAIT,HIGU,63.0,1180.3745051000003,1174.7416917999917,1181.1193827000095,1175.486569400001,1183.1316561999993,1177.498842899991,deck_data_4.xlsx,deck_C_wins,deck_C_lose,deck_A_wins,deck_A_lose,deck_B_wins,deck_B_lose,deck_D_wins,deck_D_lose,0.6666666666666666,0.0,1.0,0.3333333333333333,0.6666666666666666,1.0,1.0,54.0,0.0,4654.0,3006.0,1648.0,13106.0,0.6666666666666666,954.0,300.0,970.0,986.0,1985.0,1238.0,745.0,482.0,21.0,11.0,18.0,13.0,45.42857142857143,14.285714285714286,31.142857142857142,88.18181818181819,89.63636363636364,-1.4545454545454533,110.27777777777776,68.77777777777777,41.5,57.30769230769231,37.07692307692308,20.230769230769223,8.0,,,C,,2024-05-16_08h53.32.485,0.7448776000092039,men,19
IG52,3.0,WAIT,HIGU,64.0,1183.1619156000088,1177.5291023000002,1183.5165245000098,1177.8837112000012,1185.5293856000062,1179.8965722999976,deck_data_4.xlsx,deck_C_wins,deck_C_lose,deck_A_wins,deck_A_lose,deck_B_wins,deck_B_lose,deck_D_wins,deck_D_lose,0.6666666666666666,0.0,1.0,0.3333333333333333,0.6666666666666666,1.0,1.0,32.0,25.0,4686.0,3031.0,1655.0,13113.0,0.6666666666666666,986.0,325.0,970.0,986.0,1985.0,1238.0,745.0,482.0,22.0,11.0,18.0,13.0,44.81818181818182,14.772727272727272,30.045454545454547,88.18181818181819,89.63636363636364,-1.4545454545454533,110.27777777777776,68.77777777777777,41.5,57.30769230769231,37.07692307692308,20.230769230769223,8.0,,,C,,2024-05-16_08h53.32.485,0.3546089000010397,men,19
IG52,3.0,WAIT,HIGU,65.0,1185.5600288999997,1179.927215599991,1186.863140100002,1181.2303267999937,1188.8760751000082,1183.2432617999996,deck_data_4.xlsx,deck_C_wins,deck_C_lose,deck_A_wins,deck_A_lose,deck_B_wins,deck_B_lose,deck_D_wins,deck_D_lose,0.6666666666666666,0.0,1.0,0.3333333333333333,0.6666666666666666,1.0,4.0,58.0,105.0,4744.0,3136.0,1608.0,13066.0,0.3333333333333333,986.0,325.0,970.0,986.0,1985.0,1238.0,803.0,587.0,22.0,11.0,18.0,14.0,44.81818181818182,14.772727272727272,30.045454545454547,88.18181818181819,89.63636363636364,-1.4545454545454533,110.27777777777776,68.77777777777777,41.5,57.35714285714285,41.92857142857143,15.428571428571423,8.0,,,C,,2024-05-16_08h53.32.485,1.3031112000023768,men,19
IG52,3.0,WAIT,HIGU,66.0,1188.9037805000116,1183.270967200003,1189.8931914000132,1184.2603781000046,1191.9064985000005,1186.273685199992,deck_data_4.xlsx,deck_C_wins,deck_C_lose,deck_A_wins,deck_A_lose,deck_B_wins,deck_B_lose,deck_D_wins,deck_D_lose,0.6666666666666666,0.0,1.0,0.3333333333333333,0.6666666666666666,1.0,1.0,43.0,0.0,4787.0,3136.0,1651.0,13109.0,0.6666666666666666,1029.0,325.0,970.0,986.0,1985.0,1238.0,803.0,587.0,23.0,11.0,18.0,14.0,44.73913043478261,14.130434782608695,30.60869565217392,88.18181818181819,89.63636363636364,-1.4545454545454533,110.27777777777776,68.77777777777777,41.5,57.35714285714285,41.92857142857143,15.428571428571423,8.0,,,C,,2024-05-16_08h53.32.485,0.9894109000015304,men,19
IG52,3.0,WAIT,HIGU,67.0,1191.945150700005,1186.3123373999963,1193.0898758000112,1187.4570625000026,1195.1031892000028,1189.4703758999942,deck_data_4.xlsx,deck_C_wins,deck_C_lose,deck_A_wins,deck_A_lose,deck_B_wins,deck_B_lose,deck_D_wins,deck_D_lose,0.6666666666666666,0.0,1.0,0.3333333333333333,0.6666666666666666,1.0,3.0,98.0,162.0,4885.0,3298.0,1587.0,13045.0,1.0,1029.0,325.0,970.0,986.0,2083.0,1400.0,803.0,587.0,23.0,11.0,19.0,14.0,44.73913043478261,14.130434782608695,30.60869565217392,88.18181818181819,89.63636363636364,-1.4545454545454533,109.63157894736842,73.6842105263158,35.94736842105263,57.35714285714285,41.92857142857143,15.428571428571423,8.0,,,C,,2024-05-16_08h53.32.485,1.144725100006326,men,19
IG52,3.0,WAIT,HIGU,68.0,1195.13667230001,1189.5038590000015,1195.753909200008,1190.121095899999,1197.7672077000025,1192.134394399994,deck_data_4.xlsx,deck_C_wins,deck_C_lose,deck_A_wins,deck_A_lose,deck_B_wins,deck_B_lose,deck_D_wins,deck_D_lose,0.6666666666666666,0.0,1.0,0.3333333333333333,0.6666666666666666,1.0,2.0,77.0,183.0,4962.0,3481.0,1481.0,12939.0,0.0,1029.0,325.0,1047.0,1169.0,2083.0,1400.0,803.0,587.0,23.0,12.0,19.0,14.0,44.73913043478261,14.130434782608695,30.60869565217392,87.25,97.41666666666669,-10.166666666666671,109.63157894736842,73.6842105263158,35.94736842105263,57.35714285714285,41.92857142857143,15.428571428571423,8.0,,,C,,2024-05-16_08h53.32.485,0.6172368999978062,men,19
IG52,3.0,WAIT,HIGU,69.0,1197.8032026,1192.1703892999917,1198.3012381000008,1192.6684247999922,1200.3150913999998,1194.6822780999912,deck_data_4.xlsx,deck_C_wins,deck_C_lose,deck_A_wins,deck_A_lose,deck_B_wins,deck_B_lose,deck_D_wins,deck_D_lose,0.6666666666666666,0.0,1.0,0.3333333333333333,0.6666666666666666,1.0,1.0,45.0,0.0,5007.0,3481.0,1526.0,12984.0,0.6666666666666666,1074.0,325.0,1047.0,1169.0,2083.0,1400.0,803.0,587.0,24.0,12.0,19.0,14.0,44.75,13.541666666666666,31.208333333333336,87.25,97.41666666666669,-10.166666666666671,109.63157894736842,73.6842105263158,35.94736842105263,57.35714285714285,41.92857142857143,15.428571428571423,8.0,,,C,,2024-05-16_08h53.32.485,0.4980355000006966,men,19
IG52,3.0,WAIT,HIGU,70.0,1200.3429185999994,1194.7101052999908,1200.6672143000033,1195.034400999995,1202.6787577000068,1197.0459443999982,deck_data_4.xlsx,deck_C_wins,deck_C_lose,deck_A_wins,deck_A_lose,deck_B_wins,deck_B_lose,deck_D_wins,deck_D_lose,0.6666666666666666,0.0,1.0,0.3333333333333333,0.6666666666666666,1.0,1.0,32.0,0.0,5039.0,3481.0,1558.0,13016.0,0.6666666666666666,1106.0,325.0,1047.0,1169.0,2083.0,1400.0,803.0,587.0,25.0,12.0,19.0,14.0,44.24,13.0,31.24,87.25,97.41666666666669,-10.166666666666671,109.63157894736842,73.6842105263158,35.94736842105263,57.35714285714285,41.92857142857143,15.428571428571423,8.0,,,C,,2024-05-16_08h53.32.485,0.3242957000038586,men,19
IG52,3.0,WAIT,HIGU,71.0,1202.7124017000024,1197.0795883999938,1203.0799457000105,1197.447132400002,1205.0934400000117,1199.460626700003,deck_data_4.xlsx,deck_C_wins,deck_C_lose,deck_A_wins,deck_A_lose,deck_B_wins,deck_B_lose,deck_D_wins,deck_D_lose,0.6666666666666666,0.0,1.0,0.3333333333333333,0.6666666666666666,1.0,1.0,52.0,42.0,5091.0,3523.0,1568.0,13026.0,0.6666666666666666,1158.0,367.0,1047.0,1169.0,2083.0,1400.0,803.0,587.0,26.0,12.0,19.0,14.0,44.53846153846154,14.115384615384617,30.423076923076927,87.25,97.41666666666669,-10.166666666666671,109.63157894736842,73.6842105263158,35.94736842105263,57.35714285714285,41.92857142857143,15.428571428571423,8.0,,,C,,2024-05-16_08h53.32.485,0.367544000008138,men,19
IG52,3.0,WAIT,HIGU,72.0,1205.1276463000104,1199.4948330000018,1206.1621553000004,1200.529341999992,1208.1734880000004,1202.5406746999918,deck_data_4.xlsx,deck_C_wins,deck_C_lose,deck_A_wins,deck_A_lose,deck_B_wins,deck_B_lose,deck_D_wins,deck_D_lose,0.6666666666666666,0.0,1.0,0.3333333333333333,0.6666666666666666,1.0,4.0,46.0,0.0,5137.0,3523.0,1614.0,13072.0,0.3333333333333333,1158.0,367.0,1047.0,1169.0,2083.0,1400.0,849.0,587.0,26.0,12.0,19.0,15.0,44.53846153846154,14.115384615384617,30.423076923076927,87.25,97.41666666666669,-10.166666666666671,109.63157894736842,73.6842105263158,35.94736842105263,56.6,39.13333333333333,17.46666666666667,8.0,,,C,,2024-05-16_08h53.32.485,1.0345089999900663,men,19
IG52,3.0,WAIT,HIGU,73.0,1208.198870799999,1202.5660574999904,1208.5075877000054,1202.8747743999968,1210.5209690000047,1204.888155699996,deck_data_4.xlsx,deck_C_wins,deck_C_lose,deck_A_wins,deck_A_lose,deck_B_wins,deck_B_lose,deck_D_wins,deck_D_lose,0.6666666666666666,0.0,1.0,0.3333333333333333,0.6666666666666666,1.0,4.0,41.0,0.0,5178.0,3523.0,1655.0,13113.0,0.3333333333333333,1158.0,367.0,1047.0,1169.0,2083.0,1400.0,890.0,587.0,26.0,12.0,19.0,16.0,44.53846153846154,14.115384615384617,30.423076923076927,87.25,97.41666666666669,-10.166666666666671,109.63157894736842,73.6842105263158,35.94736842105263,55.625,36.6875,18.9375,8.0,,,C,,2024-05-16_08h53.32.485,0.3087169000064023,men,19
IG52,3.0,WAIT,HIGU,74.0,1210.5479152000044,1204.9151018999958,1210.9891804000072,1205.3563670999986,1213.0019100000063,1207.3690966999975,deck_data_4.xlsx,deck_C_wins,deck_C_lose,deck_A_wins,deck_A_lose,deck_B_wins,deck_B_lose,deck_D_wins,deck_D_lose,0.6666666666666666,0.0,1.0,0.3333333333333333,0.6666666666666666,1.0,4.0,46.0,0.0,5224.0,3523.0,1701.0,13159.0,0.3333333333333333,1158.0,367.0,1047.0,1169.0,2083.0,1400.0,936.0,587.0,26.0,12.0,19.0,17.0,44.53846153846154,14.115384615384617,30.423076923076927,87.25,97.41666666666669,-10.166666666666671,109.63157894736842,73.6842105263158,35.94736842105263,55.05882352941177,34.529411764705884,20.529411764705884,8.0,,,C,,2024-05-16_08h53.32.485,0.4412652000028174,men,19
IG52,3.0,WAIT,HIGU,75.0,1213.0295831000112,1207.3967698000026,1213.4701880000066,1207.837374699998,1215.482914799999,1209.8501014999904,deck_data_4.xlsx,deck_C_wins,deck_C_lose,deck_A_wins,deck_A_lose,deck_B_wins,deck_B_lose,deck_D_wins,deck_D_lose,0.6666666666666666,0.0,1.0,0.3333333333333333,0.6666666666666666,1.0,4.0,48.0,57.0,5272.0,3580.0,1692.0,13150.0,0.3333333333333333,1158.0,367.0,1047.0,1169.0,2083.0,1400.0,984.0,644.0,26.0,12.0,19.0,18.0,44.53846153846154,14.115384615384617,30.423076923076927,87.25,97.41666666666669,-10.166666666666671,109.63157894736842,73.6842105263158,35.94736842105263,54.66666666666666,35.77777777777778,18.88888888888889,8.0,,,C,,2024-05-16_08h53.32.485,0.4406048999953782,men,19
IG52,3.0,WAIT,HIGU,76.0,1215.5185493000026,1209.885735999994,1216.4005386000065,1210.767725299998,1218.4134866000095,1212.780673300001,deck_data_4.xlsx,deck_C_wins,deck_C_lose,deck_A_wins,deck_A_lose,deck_B_wins,deck_B_lose,deck_D_wins,deck_D_lose,0.6666666666666666,0.0,1.0,0.3333333333333333,0.6666666666666666,1.0,1.0,43.0,51.0,5315.0,3631.0,1684.0,13142.0,0.6666666666666666,1201.0,418.0,1047.0,1169.0,2083.0,1400.0,984.0,644.0,27.0,12.0,19.0,18.0,44.48148148148148,15.48148148148148,29.0,87.25,97.41666666666669,-10.166666666666671,109.63157894736842,73.6842105263158,35.94736842105263,54.66666666666666,35.77777777777778,18.88888888888889,8.0,,,C,,2024-05-16_08h53.32.485,0.8819893000038519,men,19
IG52,3.0,WAIT,HIGU,77.0,1218.4443688000028,1212.8115554999945,1219.363281900005,1213.7304685999964,1221.377140800003,1215.7443274999944,deck_data_4.xlsx,deck_C_wins,deck_C_lose,deck_A_wins,deck_A_lose,deck_B_wins,deck_B_lose,deck_D_wins,deck_D_lose,0.6666666666666666,0.0,1.0,0.3333333333333333,0.6666666666666666,1.0,2.0,74.0,264.0,5389.0,3895.0,1494.0,12952.0,0.0,1201.0,418.0,1121.0,1433.0,2083.0,1400.0,984.0,644.0,27.0,13.0,19.0,18.0,44.48148148148148,15.48148148148148,29.0,86.23076923076923,110.23076923076924,-24.0,109.63157894736842,73.6842105263158,35.94736842105263,54.66666666666666,35.77777777777778,18.88888888888889,8.0,,,C,,2024-05-16_08h53.32.485,0.9189131000021008,men,19
IG52,3.0,WAIT,HIGU,78.0,1221.3940332000057,1215.761219899997,1221.7953262000085,1216.1625129,1223.8079791000057,1218.175165799997,deck_data_4.xlsx,deck_C_wins,deck_C_lose,deck_A_wins,deck_A_lose,deck_B_wins,deck_B_lose,deck_D_wins,deck_D_lose,0.6666666666666666,0.0,1.0,0.3333333333333333,0.6666666666666666,1.0,3.0,117.0,0.0,5506.0,3895.0,1611.0,13069.0,1.0,1201.0,418.0,1121.0,1433.0,2200.0,1400.0,984.0,644.0,27.0,13.0,20.0,18.0,44.48148148148148,15.48148148148148,29.0,86.23076923076923,110.23076923076924,-24.0,110.0,70.0,40.0,54.66666666666666,35.77777777777778,18.88888888888889,8.0,,,C,,2024-05-16_08h53.32.485,0.4012930000028518,men,19
IG52,3.0,WAIT,HIGU,79.0,1223.8355849000072,1218.2027715999986,1224.243066400013,1218.6102531000045,1226.2555949000089,1220.6227816000005,deck_data_4.xlsx,deck_C_wins,deck_C_lose,deck_A_wins,deck_A_lose,deck_B_wins,deck_B_lose,deck_D_wins,deck_D_lose,0.6666666666666666,0.0,1.0,0.3333333333333333,0.6666666666666666,1.0,3.0,130.0,0.0,5636.0,3895.0,1741.0,13199.0,1.0,1201.0,418.0,1121.0,1433.0,2330.0,1400.0,984.0,644.0,27.0,13.0,21.0,18.0,44.48148148148148,15.48148148148148,29.0,86.23076923076923,110.23076923076924,-24.0,110.95238095238096,66.66666666666667,44.28571428571428,54.66666666666666,35.77777777777778,18.88888888888889,8.0,,,C,,2024-05-16_08h53.32.485,0.4074815000058152,men,19
IG52,3.0,WAIT,HIGU,80.0,1226.2971811000025,1220.664367799994,1226.6571384000126,1221.024325100004,1228.6696800000063,1223.0368666999975,deck_data_4.xlsx,deck_C_wins,deck_C_lose,deck_A_wins,deck_A_lose,deck_B_wins,deck_B_lose,deck_D_wins,deck_D_lose,0.6666666666666666,0.0,1.0,0.3333333333333333,0.6666666666666666,1.0,3.0,122.0,0.0,5758.0,3895.0,1863.0,13321.0,1.0,1201.0,418.0,1121.0,1433.0,2452.0,1400.0,984.0,644.0,27.0,13.0,22.0,18.0,44.48148148148148,15.48148148148148,29.0,86.23076923076923,110.23076923076924,-24.0,111.45454545454544,63.63636363636363,47.81818181818182,54.66666666666666,35.77777777777778,18.88888888888889,8.0,,,C,,2024-05-16_08h53.32.485,0.3599573000101372,men,19
IG52,3.0,WAIT,HIGU,81.0,1228.704674200009,1223.0718609000005,1229.6046461000078,1223.9718327999992,1231.6168934000016,1225.984080099993,deck_data_4.xlsx,deck_C_wins,deck_C_lose,deck_A_wins,deck_A_lose,deck_B_wins,deck_B_lose,deck_D_wins,deck_D_lose,0.6666666666666666,0.0,1.0,0.3333333333333333,0.6666666666666666,1.0,3.0,129.0,137.0,5887.0,4032.0,1855.0,13313.0,1.0,1201.0,418.0,1121.0,1433.0,2581.0,1537.0,984.0,644.0,27.0,13.0,23.0,18.0,44.48148148148148,15.48148148148148,29.0,86.23076923076923,110.23076923076924,-24.0,112.21739130434784,66.82608695652173,45.39130434782609,54.66666666666666,35.77777777777778,18.88888888888889,8.0,,,C,,2024-05-16_08h53.32.485,0.8999718999987181,men,19
IG52,3.0,WAIT,HIGU,82.0,1231.6472614000086,1226.0144481,1232.4346004000108,1226.8017871000022,1234.4475367000125,1228.814723400004,deck_data_4.xlsx,deck_C_wins,deck_C_lose,deck_A_wins,deck_A_lose,deck_B_wins,deck_B_lose,deck_D_wins,deck_D_lose,0.6666666666666666,0.0,1.0,0.3333333333333333,0.6666666666666666,1.0,1.0,48.0,32.0,5935.0,4064.0,1871.0,13329.0,0.6666666666666666,1249.0,450.0,1121.0,1433.0,2581.0,1537.0,984.0,644.0,28.0,13.0,23.0,18.0,44.60714285714285,16.071428571428573,28.53571428571428,86.23076923076923,110.23076923076924,-24.0,112.21739130434784,66.82608695652173,45.39130434782609,54.66666666666666,35.77777777777778,18.88888888888889,8.0,,,C,,2024-05-16_08h53.32.485,0.7873390000022482,men,19
IG52,3.0,WAIT,HIGU,83.0,1234.4727562000044,1228.8399428999958,1235.165606900002,1229.5327935999935,1237.1782553000085,1231.545442,deck_data_4.xlsx,deck_C_wins,deck_C_lose,deck_A_wins,deck_A_lose,deck_B_wins,deck_B_lose,deck_D_wins,deck_D_lose,0.6666666666666666,0.0,1.0,0.3333333333333333,0.6666666666666666,1.0,2.0,107.0,0.0,6042.0,4064.0,1978.0,13436.0,0.0,1249.0,450.0,1228.0,1433.0,2581.0,1537.0,984.0,644.0,28.0,14.0,23.0,18.0,44.60714285714285,16.071428571428573,28.53571428571428,87.71428571428571,102.35714285714286,-14.642857142857151,112.21739130434784,66.82608695652173,45.39130434782609,54.66666666666666,35.77777777777778,18.88888888888889,8.0,,,C,,2024-05-16_08h53.32.485,0.6928506999977344,men,19
IG52,3.0,WAIT,HIGU,84.0,1237.2084714000084,1231.5756580999998,1237.5645499000093,1231.9317366000007,1239.5758444000094,1233.9430311000008,deck_data_4.xlsx,deck_C_wins,deck_C_lose,deck_A_wins,deck_A_lose,deck_B_wins,deck_B_lose,deck_D_wins,deck_D_lose,0.6666666666666666,0.0,1.0,0.3333333333333333,0.6666666666666666,1.0,2.0,115.0,0.0,6157.0,4064.0,2093.0,13551.0,0.0,1249.0,450.0,1343.0,1433.0,2581.0,1537.0,984.0,644.0,28.0,15.0,23.0,18.0,44.60714285714285,16.071428571428573,28.53571428571428,89.53333333333333,95.53333333333332,-6.0,112.21739130434784,66.82608695652173,45.39130434782609,54.66666666666666,35.77777777777778,18.88888888888889,8.0,,,C,,2024-05-16_08h53.32.485,0.3560785000008764,men,19
IG52,3.0,WAIT,HIGU,85.0,1239.6097498000015,1233.976936499993,1240.01090020001,1234.378086900001,1242.0233502000046,1236.390536899996,deck_data_4.xlsx,deck_C_wins,deck_C_lose,deck_A_wins,deck_A_lose,deck_B_wins,deck_B_lose,deck_D_wins,deck_D_lose,0.6666666666666666,0.0,1.0,0.3333333333333333,0.6666666666666666,1.0,2.0,73.0,0.0,6230.0,4064.0,2166.0,13624.0,0.0,1249.0,450.0,1416.0,1433.0,2581.0,1537.0,984.0,644.0,28.0,16.0,23.0,18.0,44.60714285714285,16.071428571428573,28.53571428571428,88.5,89.5625,-1.0625,112.21739130434784,66.82608695652173,45.39130434782609,54.66666666666666,35.77777777777778,18.88888888888889,8.0,,,C,,2024-05-16_08h53.32.485,0.4011504000084187,men,19
IG52,3.0,WAIT,HIGU,86.0,1242.0520136000123,1236.4192003000037,1242.4762680999993,1236.8434547999907,1244.487418100005,1238.8546047999964,deck_data_4.xlsx,deck_C_wins,deck_C_lose,deck_A_wins,deck_A_lose,deck_B_wins,deck_B_lose,deck_D_wins,deck_D_lose,0.6666666666666666,0.0,1.0,0.3333333333333333,0.6666666666666666,1.0,2.0,98.0,167.0,6328.0,4231.0,2097.0,13555.0,0.0,1249.0,450.0,1514.0,1600.0,2581.0,1537.0,984.0,644.0,28.0,17.0,23.0,18.0,44.60714285714285,16.071428571428573,28.53571428571428,89.05882352941177,94.11764705882354,-5.058823529411768,112.21739130434784,66.82608695652173,45.39130434782609,54.66666666666666,35.77777777777778,18.88888888888889,8.0,,,C,,2024-05-16_08h53.32.485,0.4242544999870006,men,19
IG52,3.0,WAIT,HIGU,87.0,1244.5158637999994,1238.8830504999908,1244.8894444000034,1239.2566310999948,1246.901906200001,1241.2690928999923,deck_data_4.xlsx,deck_C_wins,deck_C_lose,deck_A_wins,deck_A_lose,deck_B_wins,deck_B_lose,deck_D_wins,deck_D_lose,0.6666666666666666,0.0,1.0,0.3333333333333333,0.6666666666666666,1.0,1.0,58.0,0.0,6386.0,4231.0,2155.0,13613.0,0.6666666666666666,1307.0,450.0,1514.0,1600.0,2581.0,1537.0,984.0,644.0,29.0,17.0,23.0,18.0,45.06896551724138,15.517241379310343,29.55172413793104,89.05882352941177,94.11764705882354,-5.058823529411768,112.21739130434784,66.82608695652173,45.39130434782609,54.66666666666666,35.77777777777778,18.88888888888889,8.0,,,C,,2024-05-16_08h53.32.485,0.3735806000040611,men,19
IG52,3.0,WAIT,HIGU,88.0,1246.9391793000104,1241.3063660000018,1247.2194642000104,1241.5866509000018,1249.2325917000126,1243.599778400004,deck_data_4.xlsx,deck_C_wins,deck_C_lose,deck_A_wins,deck_A_lose,deck_B_wins,deck_B_lose,deck_D_wins,deck_D_lose,0.6666666666666666,0.0,1.0,0.3333333333333333,0.6666666666666666,1.0,1.0,43.0,0.0,6429.0,4231.0,2198.0,13656.0,0.6666666666666666,1350.0,450.0,1514.0,1600.0,2581.0,1537.0,984.0,644.0,30.0,17.0,23.0,18.0,45.0,15.0,30.0,89.05882352941177,94.11764705882354,-5.058823529411768,112.21739130434784,66.82608695652173,45.39130434782609,54.66666666666666,35.77777777777778,18.88888888888889,8.0,,,C,,2024-05-16_08h53.32.485,0.2802848999999696,men,19
IG52,3.0,WAIT,HIGU,89.0,1249.2614690000046,1243.628655699996,1249.6193679999997,1243.986554699991,1251.6301799000066,1245.997366599998,deck_data_4.xlsx,deck_C_wins,deck_C_lose,deck_A_wins,deck_A_lose,deck_B_wins,deck_B_lose,deck_D_wins,deck_D_lose,0.6666666666666666,0.0,1.0,0.3333333333333333,0.6666666666666666,1.0,1.0,48.0,21.0,6477.0,4252.0,2225.0,13683.0,0.6666666666666666,1398.0,471.0,1514.0,1600.0,2581.0,1537.0,984.0,644.0,31.0,17.0,23.0,18.0,45.096774193548384,15.193548387096774,29.90322580645161,89.05882352941177,94.11764705882354,-5.058823529411768,112.21739130434784,66.82608695652173,45.39130434782609,54.66666666666666,35.77777777777778,18.88888888888889,8.0,,,C,,2024-05-16_08h53.32.485,0.3578989999950863,men,19
IG52,3.0,WAIT,HIGU,90.0,1251.65969510001,1246.026881800001,1251.9810398000118,1246.3482265000032,1253.994642100006,1248.3618287999975,deck_data_4.xlsx,deck_C_wins,deck_C_lose,deck_A_wins,deck_A_lose,deck_B_wins,deck_B_lose,deck_D_wins,deck_D_lose,0.6666666666666666,0.0,1.0,0.3333333333333333,0.6666666666666666,1.0,1.0,53.0,0.0,6530.0,4252.0,2278.0,13736.0,0.6666666666666666,1451.0,471.0,1514.0,1600.0,2581.0,1537.0,984.0,644.0,32.0,17.0,23.0,18.0,45.34375,14.71875,30.625,89.05882352941177,94.11764705882354,-5.058823529411768,112.21739130434784,66.82608695652173,45.39130434782609,54.66666666666666,35.77777777777778,18.88888888888889,8.0,,,C,,2024-05-16_08h53.32.485,0.3213447000018732,men,19
IG52,3.0,WAIT,HIGU,91.0,1254.0213736000003,1248.3885602999917,1254.328624300004,1248.6958109999955,1256.3424424000114,1250.7096291000028,deck_data_4.xlsx,deck_C_wins,deck_C_lose,deck_A_wins,deck_A_lose,deck_B_wins,deck_B_lose,deck_D_wins,deck_D_lose,0.6666666666666666,0.0,1.0,0.3333333333333333,0.6666666666666666,1.0,1.0,44.0,0.0,6574.0,4252.0,2322.0,13780.0,0.6666666666666666,1495.0,471.0,1514.0,1600.0,2581.0,1537.0,984.0,644.0,33.0,17.0,23.0,18.0,45.30303030303031,14.272727272727272,31.03030303030303,89.05882352941177,94.11764705882354,-5.058823529411768,112.21739130434784,66.82608695652173,45.39130434782609,54.66666666666666,35.77777777777778,18.88888888888889,8.0,,,C,,2024-05-16_08h53.32.485,0.3072507000038058,men,19
IG52,3.0,WAIT,HIGU,92.0,1256.3752641000028,1250.7424507999942,1256.6613901000092,1251.0285768000006,1258.6732248000044,1253.0404114999958,deck_data_4.xlsx,deck_C_wins,deck_C_lose,deck_A_wins,deck_A_lose,deck_B_wins,deck_B_lose,deck_D_wins,deck_D_lose,0.6666666666666666,0.0,1.0,0.3333333333333333,0.6666666666666666,1.0,1.0,59.0,0.0,6633.0,4252.0,2381.0,13839.0,0.6666666666666666,1554.0,471.0,1514.0,1600.0,2581.0,1537.0,984.0,644.0,34.0,17.0,23.0,18.0,45.70588235294117,13.852941176470589,31.852941176470587,89.05882352941177,94.11764705882354,-5.058823529411768,112.21739130434784,66.82608695652173,45.39130434782609,54.66666666666666,35.77777777777778,18.88888888888889,8.0,,,C,,2024-05-16_08h53.32.485,0.2861260000063339,men,19
IG52,3.0,WAIT,HIGU,93.0,1258.7087488000109,1253.0759355000023,1259.0920236000093,1253.459210300001,1261.104571200005,1255.4717578999964,deck_data_4.xlsx,deck_C_wins,deck_C_lose,deck_A_wins,deck_A_lose,deck_B_wins,deck_B_lose,deck_D_wins,deck_D_lose,0.6666666666666666,0.0,1.0,0.3333333333333333,0.6666666666666666,1.0,1.0,31.0,55.0,6664.0,4307.0,2357.0,13815.0,0.6666666666666666,1585.0,526.0,1514.0,1600.0,2581.0,1537.0,984.0,644.0,35.0,17.0,23.0,18.0,45.285714285714285,15.028571428571428,30.257142857142856,89.05882352941177,94.11764705882354,-5.058823529411768,112.21739130434784,66.82608695652173,45.39130434782609,54.66666666666666,35.77777777777778,18.88888888888889,8.0,,,C,,2024-05-16_08h53.32.485,0.3832747999983894,men,19
IG52,3.0,WAIT,HIGU,94.0,1261.1330604000104,1255.5002471000018,1262.2552784,1256.6224650999914,1264.268230600006,1258.6354172999977,deck_data_4.xlsx,deck_C_wins,deck_C_lose,deck_A_wins,deck_A_lose,deck_B_wins,deck_B_lose,deck_D_wins,deck_D_lose,0.6666666666666666,0.0,1.0,0.3333333333333333,0.6666666666666666,1.0,3.0,107.0,117.0,6771.0,4424.0,2347.0,13805.0,1.0,1585.0,526.0,1514.0,1600.0,2688.0,1654.0,984.0,644.0,35.0,17.0,24.0,18.0,45.285714285714285,15.028571428571428,30.257142857142856,89.05882352941177,94.11764705882354,-5.058823529411768,112.0,68.91666666666667,43.08333333333333,54.66666666666666,35.77777777777778,18.88888888888889,8.0,,,C,,2024-05-16_08h53.32.485,1.122217999989516,men,19
IG52,3.0,WAIT,HIGU,95.0,1264.2960068000102,1258.6631935000016,1264.7860186000034,1259.1532052999949,1266.7986549000052,1261.1658415999966,deck_data_4.xlsx,deck_C_wins,deck_C_lose,deck_A_wins,deck_A_lose,deck_B_wins,deck_B_lose,deck_D_wins,deck_D_lose,0.6666666666666666,0.0,1.0,0.3333333333333333,0.6666666666666666,1.0,4.0,66.0,0.0,6837.0,4424.0,2413.0,13871.0,0.3333333333333333,1585.0,526.0,1514.0,1600.0,2688.0,1654.0,1050.0,644.0,35.0,17.0,24.0,19.0,45.285714285714285,15.028571428571428,30.257142857142856,89.05882352941177,94.11764705882354,-5.058823529411768,112.0,68.91666666666667,43.08333333333333,55.26315789473684,33.89473684210526,21.368421052631582,8.0,,,C,,2024-05-16_08h53.32.485,0.4900117999932263,men,19
IG52,3.0,WAIT,HIGU,96.0,1266.820666700005,1261.1878533999964,1267.2833518000116,1261.650538500003,1269.2960453000123,1263.6632320000035,deck_data_4.xlsx,deck_C_wins,deck_C_lose,deck_A_wins,deck_A_lose,deck_B_wins,deck_B_lose,deck_D_wins,deck_D_lose,0.6666666666666666,0.0,1.0,0.3333333333333333,0.6666666666666666,1.0,4.0,50.0,56.0,6887.0,4480.0,2407.0,13865.0,0.3333333333333333,1585.0,526.0,1514.0,1600.0,2688.0,1654.0,1100.0,700.0,35.0,17.0,24.0,20.0,45.285714285714285,15.028571428571428,30.257142857142856,89.05882352941177,94.11764705882354,-5.058823529411768,112.0,68.91666666666667,43.08333333333333,55.0,35.0,20.0,8.0,,,C,,2024-05-16_08h53.32.485,0.4626851000066381,men,19
IG52,3.0,WAIT,HIGU,97.0,1269.323479000013,1263.6906657000045,1276.9239440000092,1271.2911307000006,1278.9367400000046,1273.303926699996,deck_data_4.xlsx,deck_C_wins,deck_C_lose,deck_A_wins,deck_A_lose,deck_B_wins,deck_B_lose,deck_D_wins,deck_D_lose,0.6666666666666666,0.0,1.0,0.3333333333333333,0.6666666666666666,1.0,3.0,85.0,0.0,6972.0,4480.0,2492.0,13950.0,1.0,1585.0,526.0,1514.0,1600.0,2773.0,1654.0,1100.0,700.0,35.0,17.0,25.0,20.0,45.285714285714285,15.028571428571428,30.257142857142856,89.05882352941177,94.11764705882354,-5.058823529411768,110.92,66.16,44.760000000000005,55.0,35.0,20.0,8.0,,,C,,2024-05-16_08h53.32.485,7.60046499999612,men,19
IG52,3.0,WAIT,HIGU,98.0,1278.965856300012,1273.3330430000035,1279.354226200012,1273.721412900003,1281.3676237000036,1275.734810399995,deck_data_4.xlsx,deck_C_wins,deck_C_lose,deck_A_wins,deck_A_lose,deck_B_wins,deck_B_lose,deck_D_wins,deck_D_lose,0.6666666666666666,0.0,1.0,0.3333333333333333,0.6666666666666666,1.0,3.0,105.0,0.0,7077.0,4480.0,2597.0,14055.0,1.0,1585.0,526.0,1514.0,1600.0,2878.0,1654.0,1100.0,700.0,35.0,17.0,26.0,20.0,45.285714285714285,15.028571428571428,30.257142857142856,89.05882352941177,94.11764705882354,-5.058823529411768,110.6923076923077,63.61538461538461,47.07692307692308,55.0,35.0,20.0,8.0,,,C,,2024-05-16_08h53.32.485,0.3883698999998159,men,19
IG52,3.0,WAIT,HIGU,99.0,1281.3990139000089,1275.7662006000005,1281.8201405,1276.1873271999914,1283.8316621000122,1278.1988488000036,deck_data_4.xlsx,deck_C_wins,deck_C_lose,deck_A_wins,deck_A_lose,deck_B_wins,deck_B_lose,deck_D_wins,deck_D_lose,0.6666666666666666,0.0,1.0,0.3333333333333333,0.6666666666666666,1.0,3.0,96.0,202.0,7173.0,4682.0,2491.0,13949.0,1.0,1585.0,526.0,1514.0,1600.0,2974.0,1856.0,1100.0,700.0,35.0,17.0,27.0,20.0,45.285714285714285,15.028571428571428,30.257142857142856,89.05882352941177,94.11764705882354,-5.058823529411768,110.14814814814817,68.74074074074075,41.407407407407405,55.0,35.0,20.0,8.0,,,C,,2024-05-16_08h53.32.485,0.421126599991112,men,19
IG52,3.0,WAIT,HIGU,100.0,1283.8604554000049,1278.2276420999965,1284.2329954000015,1278.600182099993,1286.2483370000118,1280.6155237000032,deck_data_4.xlsx,deck_C_wins,deck_C_lose,deck_A_wins,deck_A_lose,deck_B_wins,deck_B_lose,deck_D_wins,deck_D_lose,0.6666666666666666,0.0,1.0,0.3333333333333333,0.6666666666666666,1.0,1.0,53.0,0.0,7226.0,4682.0,2544.0,14002.0,0.6666666666666666,1638.0,526.0,1514.0,1600.0,2974.0,1856.0,1100.0,700.0,36.0,17.0,27.0,20.0,45.5,14.61111111111111,30.88888888888889,89.05882352941177,94.11764705882354,-5.058823529411768,110.14814814814817,68.74074074074075,41.407407407407405,55.0,35.0,20.0,8.0,,,C,,2024-05-16_08h53.32.485,0.3725399999966612,men,19
IG52,4.0,WAIT,LOWU,1.0,1299.3898879000044,1293.7570745999958,1304.2963034000131,1298.6634901000043,1306.3092278000113,1300.6764145000027,deck_data_1.xlsx,deck_B_wins,deck_B_lose,deck_D_wins,deck_D_lose,deck_C_wins,deck_C_lose,deck_A_wins,deck_A_lose,1.0,0.1538461538461538,0.0,0.6923076923076923,0.6923076923076923,1.0,1.0,105.0,0.0,105.0,0.0,105.0,14107.0,1.0,105.0,0.0,0.0,0.0,0.0,0.0,0.0,0.0,1.0,0.0,0.0,0.0,105.0,0.0,105.0,0.0,0.0,0.0,0.0,0.0,0.0,0.0,0.0,0.0,0.0,A,B,C,D,2024-05-16_08h53.32.485,4.906415500008734,men,19
IG52,4.0,WAIT,LOWU,2.0,1306.3338992000065,1300.701085899998,1306.7775797000068,1301.1447663999982,1308.792696000004,1303.1598826999957,deck_data_1.xlsx,deck_B_wins,deck_B_lose,deck_D_wins,deck_D_lose,deck_C_wins,deck_C_lose,deck_A_wins,deck_A_lose,1.0,0.1538461538461538,0.0,0.6923076923076923,0.6923076923076923,1.0,1.0,116.0,0.0,221.0,0.0,221.0,14223.0,1.0,221.0,0.0,0.0,0.0,0.0,0.0,0.0,0.0,2.0,0.0,0.0,0.0,110.5,0.0,110.5,0.0,0.0,0.0,0.0,0.0,0.0,0.0,0.0,0.0,0.0,A,B,C,D,2024-05-16_08h53.32.485,0.443680500000255,men,19
IG52,4.0,WAIT,LOWU,3.0,1308.8167620000022,1303.1839486999936,1309.2099442000035,1303.577130899995,1311.2216596000071,1305.5888462999983,deck_data_1.xlsx,deck_B_wins,deck_B_lose,deck_D_wins,deck_D_lose,deck_C_wins,deck_C_lose,deck_A_wins,deck_A_lose,1.0,0.1538461538461538,0.0,0.6923076923076923,0.6923076923076923,1.0,1.0,126.0,0.0,347.0,0.0,347.0,14349.0,1.0,347.0,0.0,0.0,0.0,0.0,0.0,0.0,0.0,3.0,0.0,0.0,0.0,115.66666666666669,0.0,115.66666666666669,0.0,0.0,0.0,0.0,0.0,0.0,0.0,0.0,0.0,1.0,A,B,C,D,2024-05-16_08h53.32.485,0.3931822000013198,men,19
IG52,4.0,WAIT,LOWU,4.0,1311.251417899999,1305.6186045999905,1311.605365100011,1305.9725518000023,1313.6210537000006,1307.988240399992,deck_data_1.xlsx,deck_B_wins,deck_B_lose,deck_D_wins,deck_D_lose,deck_C_wins,deck_C_lose,deck_A_wins,deck_A_lose,1.0,0.1538461538461538,0.0,0.6923076923076923,0.6923076923076923,1.0,3.0,57.0,83.0,404.0,0.0,404.0,14406.0,0.0,347.0,0.0,0.0,0.0,57.0,83.0,0.0,0.0,3.0,0.0,1.0,0.0,115.66666666666669,0.0,115.66666666666669,0.0,0.0,0.0,57.0,83.0,57.0,0.0,0.0,0.0,1.0,,B,C,D,2024-05-16_08h53.32.485,0.353947200012044,men,19
IG52,4.0,WAIT,LOWU,5.0,1313.6477015000128,1308.0148882000042,1314.0026025000116,1308.369789200003,1316.0161398000057,1310.383326499997,deck_data_1.xlsx,deck_B_wins,deck_B_lose,deck_D_wins,deck_D_lose,deck_C_wins,deck_C_lose,deck_A_wins,deck_A_lose,1.0,0.1538461538461538,0.0,0.6923076923076923,0.6923076923076923,1.0,4.0,85.0,0.0,489.0,0.0,489.0,14491.0,0.6923076923076923,347.0,0.0,0.0,0.0,57.0,83.0,85.0,0.0,3.0,0.0,1.0,1.0,115.66666666666669,0.0,115.66666666666669,0.0,0.0,0.0,57.0,83.0,57.0,85.0,0.0,85.0,1.0,,B,C,D,2024-05-16_08h53.32.485,0.3549009999987902,men,19
IG52,4.0,WAIT,LOWU,6.0,1316.0447884000023,1310.4119750999937,1316.418930300002,1310.7861169999935,1318.4307714000024,1312.7979580999938,deck_data_1.xlsx,deck_B_wins,deck_B_lose,deck_D_wins,deck_D_lose,deck_C_wins,deck_C_lose,deck_A_wins,deck_A_lose,1.0,0.1538461538461538,0.0,0.6923076923076923,0.6923076923076923,1.0,2.0,48.0,117.0,537.0,0.0,537.0,14539.0,0.1538461538461538,347.0,0.0,48.0,117.0,57.0,83.0,85.0,0.0,3.0,1.0,1.0,1.0,115.66666666666669,0.0,115.66666666666669,48.0,117.0,48.0,57.0,83.0,57.0,85.0,0.0,85.0,1.0,,B,C,D,2024-05-16_08h53.32.485,0.3741418999998132,men,19
IG52,4.0,WAIT,LOWU,7.0,1318.4606884000095,1312.827875100001,1318.8163541000104,1313.1835408000018,1320.8286357000034,1315.1958223999948,deck_data_1.xlsx,deck_B_wins,deck_B_lose,deck_D_wins,deck_D_lose,deck_C_wins,deck_C_lose,deck_A_wins,deck_A_lose,1.0,0.1538461538461538,0.0,0.6923076923076923,0.6923076923076923,1.0,1.0,124.0,114.0,661.0,0.0,661.0,14663.0,1.0,471.0,114.0,48.0,117.0,57.0,83.0,85.0,0.0,4.0,1.0,1.0,1.0,117.75,28.5,117.75,48.0,117.0,48.0,57.0,83.0,57.0,85.0,0.0,85.0,1.0,,B,C,D,2024-05-16_08h53.32.485,0.3556657000008272,men,19
IG52,4.0,WAIT,LOWU,8.0,1320.8546124000131,1315.2217991000043,1321.1631990000024,1315.5303856999938,1323.175733600001,1317.5429202999924,deck_data_1.xlsx,deck_B_wins,deck_B_lose,deck_D_wins,deck_D_lose,deck_C_wins,deck_C_lose,deck_A_wins,deck_A_lose,1.0,0.1538461538461538,0.0,0.6923076923076923,0.6923076923076923,1.0,4.0,94.0,185.0,755.0,0.0,755.0,14757.0,0.6923076923076923,471.0,114.0,48.0,117.0,57.0,83.0,179.0,185.0,4.0,1.0,1.0,2.0,117.75,28.5,117.75,48.0,117.0,48.0,57.0,83.0,57.0,89.5,92.5,89.5,1.0,,B,C,D,2024-05-16_08h53.32.485,0.3085865999892121,men,19
IG52,4.0,WAIT,LOWU,9.0,1323.1955435000127,1317.562730200004,1323.578001700007,1317.9451883999984,1325.5926569000003,1319.9598435999917,deck_data_1.xlsx,deck_B_wins,deck_B_lose,deck_D_wins,deck_D_lose,deck_C_wins,deck_C_lose,deck_A_wins,deck_A_lose,1.0,0.1538461538461538,0.0,0.6923076923076923,0.6923076923076923,1.0,1.0,113.0,106.0,868.0,0.0,868.0,14870.0,1.0,584.0,220.0,48.0,117.0,57.0,83.0,179.0,185.0,5.0,1.0,1.0,2.0,116.8,44.0,116.8,48.0,117.0,48.0,57.0,83.0,57.0,89.5,92.5,89.5,1.0,,B,C,D,2024-05-16_08h53.32.485,0.3824581999942893,men,19
IG52,4.0,WAIT,LOWU,10.0,1325.6130399000103,1319.9802266000015,1325.7279646000095,1320.095151300001,1327.7379984,1322.105185099991,deck_data_1.xlsx,deck_B_wins,deck_B_lose,deck_D_wins,deck_D_lose,deck_C_wins,deck_C_lose,deck_A_wins,deck_A_lose,1.0,0.1538461538461538,0.0,0.6923076923076923,0.6923076923076923,1.0,2.0,63.0,51.0,931.0,0.0,931.0,14933.0,0.1538461538461538,584.0,220.0,111.0,168.0,57.0,83.0,179.0,185.0,5.0,2.0,1.0,2.0,116.8,44.0,116.8,55.5,84.0,55.5,57.0,83.0,57.0,89.5,92.5,89.5,1.0,,B,C,D,2024-05-16_08h53.32.485,0.1149246999991646,men,19
IG52,4.0,WAIT,LOWU,11.0,1327.7610843000002,1322.1282709999916,1328.155515800012,1322.522702500003,1330.1703797000082,1324.5375663999996,deck_data_1.xlsx,deck_B_wins,deck_B_lose,deck_D_wins,deck_D_lose,deck_C_wins,deck_C_lose,deck_A_wins,deck_A_lose,1.0,0.1538461538461538,0.0,0.6923076923076923,0.6923076923076923,1.0,3.0,39.0,93.0,970.0,0.0,970.0,14972.0,0.0,584.0,220.0,111.0,168.0,96.0,176.0,179.0,185.0,5.0,2.0,2.0,2.0,116.8,44.0,116.8,55.5,84.0,55.5,48.0,88.0,48.0,89.5,92.5,89.5,1.0,,B,C,D,2024-05-16_08h53.32.485,0.3944315000117058,men,19
IG52,4.0,WAIT,LOWU,12.0,1330.2035456000012,1324.5707322999926,1330.53864530001,1324.9058320000015,1332.54996080001,1326.9171475000014,deck_data_1.xlsx,deck_B_wins,deck_B_lose,deck_D_wins,deck_D_lose,deck_C_wins,deck_C_lose,deck_A_wins,deck_A_lose,1.0,0.1538461538461538,0.0,0.6923076923076923,0.6923076923076923,1.0,4.0,96.0,0.0,1066.0,0.0,1066.0,15068.0,0.6923076923076923,584.0,220.0,111.0,168.0,96.0,176.0,275.0,185.0,5.0,2.0,2.0,3.0,116.8,44.0,116.8,55.5,84.0,55.5,48.0,88.0,48.0,91.66666666666669,61.66666666666666,91.66666666666669,2.0,,B,C,D,2024-05-16_08h53.32.485,0.3350997000088682,men,19
IG52,4.0,WAIT,LOWU,13.0,1332.5756562000024,1326.9428428999938,1332.9009782000066,1327.268164899998,1334.914360300012,1329.2815470000037,deck_data_1.xlsx,deck_B_wins,deck_B_lose,deck_D_wins,deck_D_lose,deck_C_wins,deck_C_lose,deck_A_wins,deck_A_lose,1.0,0.1538461538461538,0.0,0.6923076923076923,0.6923076923076923,1.0,1.0,104.0,0.0,1170.0,0.0,1170.0,15172.0,1.0,688.0,220.0,111.0,168.0,96.0,176.0,275.0,185.0,6.0,2.0,2.0,3.0,114.66666666666669,36.66666666666666,114.66666666666669,55.5,84.0,55.5,48.0,88.0,48.0,91.66666666666669,61.66666666666666,91.66666666666669,2.0,,B,C,,2024-05-16_08h53.32.485,0.3253220000042347,men,19
IG52,4.0,WAIT,LOWU,14.0,1334.944004600009,1329.3111913000005,1335.2988658000104,1329.6660525000018,1337.3142970000044,1331.681483699996,deck_data_1.xlsx,deck_B_wins,deck_B_lose,deck_D_wins,deck_D_lose,deck_C_wins,deck_C_lose,deck_A_wins,deck_A_lose,1.0,0.1538461538461538,0.0,0.6923076923076923,0.6923076923076923,1.0,1.0,87.0,240.0,1257.0,0.0,1257.0,15259.0,1.0,775.0,460.0,111.0,168.0,96.0,176.0,275.0,185.0,7.0,2.0,2.0,3.0,110.71428571428572,65.71428571428571,110.71428571428572,55.5,84.0,55.5,48.0,88.0,48.0,91.66666666666669,61.66666666666666,91.66666666666669,2.0,,B,C,,2024-05-16_08h53.32.485,0.3548612000013236,men,19
IG52,4.0,WAIT,LOWU,15.0,1337.341425000006,1331.7086116999974,1337.729898000005,1332.0970846999965,1339.7430848000076,1334.110271499999,deck_data_1.xlsx,deck_B_wins,deck_B_lose,deck_D_wins,deck_D_lose,deck_C_wins,deck_C_lose,deck_A_wins,deck_A_lose,1.0,0.1538461538461538,0.0,0.6923076923076923,0.6923076923076923,1.0,4.0,85.0,177.0,1342.0,0.0,1342.0,15344.0,0.6923076923076923,775.0,460.0,111.0,168.0,96.0,176.0,360.0,362.0,7.0,2.0,2.0,4.0,110.71428571428572,65.71428571428571,110.71428571428572,55.5,84.0,55.5,48.0,88.0,48.0,90.0,90.5,90.0,2.0,,B,C,,2024-05-16_08h53.32.485,0.3884729999990668,men,19
IG52,4.0,WAIT,LOWU,16.0,1339.7737493000022,1334.1409359999936,1340.195549600001,1334.5627362999924,1342.2094186000031,1336.5766052999943,deck_data_1.xlsx,deck_B_wins,deck_B_lose,deck_D_wins,deck_D_lose,deck_C_wins,deck_C_lose,deck_A_wins,deck_A_lose,1.0,0.1538461538461538,0.0,0.6923076923076923,0.6923076923076923,1.0,4.0,77.0,109.0,1419.0,0.0,1419.0,15421.0,0.6923076923076923,775.0,460.0,111.0,168.0,96.0,176.0,437.0,471.0,7.0,2.0,2.0,5.0,110.71428571428572,65.71428571428571,110.71428571428572,55.5,84.0,55.5,48.0,88.0,48.0,87.4,94.2,87.4,2.0,,B,C,,2024-05-16_08h53.32.485,0.421800299998722,men,19
IG52,4.0,WAIT,LOWU,17.0,1342.2415564000112,1336.6087431000026,1342.608378600009,1336.9755653000004,1344.6215878000075,1338.988774499999,deck_data_1.xlsx,deck_B_wins,deck_B_lose,deck_D_wins,deck_D_lose,deck_C_wins,deck_C_lose,deck_A_wins,deck_A_lose,1.0,0.1538461538461538,0.0,0.6923076923076923,0.6923076923076923,1.0,2.0,41.0,0.0,1460.0,0.0,1460.0,15462.0,0.1538461538461538,775.0,460.0,152.0,168.0,96.0,176.0,437.0,471.0,7.0,3.0,2.0,5.0,110.71428571428572,65.71428571428571,110.71428571428572,50.66666666666666,56.0,50.66666666666666,48.0,88.0,48.0,87.4,94.2,87.4,3.0,,B,C,,2024-05-16_08h53.32.485,0.3668221999978414,men,19
IG52,4.0,WAIT,LOWU,18.0,1344.6579408000107,1339.025127500002,1345.738575700001,1340.1057623999925,1347.7519564000104,1342.1191431000018,deck_data_1.xlsx,deck_B_wins,deck_B_lose,deck_D_wins,deck_D_lose,deck_C_wins,deck_C_lose,deck_A_wins,deck_A_lose,1.0,0.1538461538461538,0.0,0.6923076923076923,0.6923076923076923,1.0,3.0,46.0,0.0,1506.0,0.0,1506.0,15508.0,0.0,775.0,460.0,152.0,168.0,142.0,176.0,437.0,471.0,7.0,3.0,3.0,5.0,110.71428571428572,65.71428571428571,110.71428571428572,50.66666666666666,56.0,50.66666666666666,47.333333333333336,58.66666666666666,47.333333333333336,87.4,94.2,87.4,4.0,,,C,,2024-05-16_08h53.32.485,1.0806348999904003,men,19
IG52,4.0,WAIT,LOWU,19.0,1347.781038400004,1342.1482250999954,1347.8190564000106,1342.186243100002,1349.8329916000075,1344.200178299999,deck_data_1.xlsx,deck_B_wins,deck_B_lose,deck_D_wins,deck_D_lose,deck_C_wins,deck_C_lose,deck_A_wins,deck_A_lose,1.0,0.1538461538461538,0.0,0.6923076923076923,0.6923076923076923,1.0,2.0,68.0,55.0,1574.0,0.0,1574.0,15576.0,0.1538461538461538,775.0,460.0,220.0,223.0,142.0,176.0,437.0,471.0,7.0,4.0,3.0,5.0,110.71428571428572,65.71428571428571,110.71428571428572,55.0,55.75,55.0,47.333333333333336,58.66666666666666,47.333333333333336,87.4,94.2,87.4,4.0,A,,,D,2024-05-16_08h53.32.485,0.0380180000065593,men,19
IG52,4.0,WAIT,LOWU,20.0,1349.8651714000007,1344.232358099992,1350.3677086000098,1344.7348953000012,1352.3806848000097,1346.747871500001,deck_data_1.xlsx,deck_B_wins,deck_B_lose,deck_D_wins,deck_D_lose,deck_C_wins,deck_C_lose,deck_A_wins,deck_A_lose,1.0,0.1538461538461538,0.0,0.6923076923076923,0.6923076923076923,1.0,2.0,49.0,0.0,1623.0,0.0,1623.0,15625.0,0.1538461538461538,775.0,460.0,269.0,223.0,142.0,176.0,437.0,471.0,7.0,5.0,3.0,5.0,110.71428571428572,65.71428571428571,110.71428571428572,53.8,44.6,53.8,47.333333333333336,58.66666666666666,47.333333333333336,87.4,94.2,87.4,4.0,A,,,D,2024-05-16_08h53.32.485,0.5025372000091011,men,19
IG52,4.0,WAIT,LOWU,21.0,1352.406497700009,1346.7736844000003,1353.0328242000105,1347.400010900002,1355.0443953000067,1349.411581999998,deck_data_1.xlsx,deck_B_wins,deck_B_lose,deck_D_wins,deck_D_lose,deck_C_wins,deck_C_lose,deck_A_wins,deck_A_lose,1.0,0.1538461538461538,0.0,0.6923076923076923,0.6923076923076923,1.0,2.0,70.0,0.0,1693.0,0.0,1693.0,15695.0,0.1538461538461538,775.0,460.0,339.0,223.0,142.0,176.0,437.0,471.0,7.0,6.0,3.0,5.0,110.71428571428572,65.71428571428571,110.71428571428572,56.5,37.16666666666666,56.5,47.333333333333336,58.66666666666666,47.333333333333336,87.4,94.2,87.4,4.0,A,,,D,2024-05-16_08h53.32.485,0.6263265000015963,men,19
IG52,4.0,WAIT,LOWU,22.0,1355.0702741999994,1349.4374608999908,1355.430259700006,1349.7974463999974,1357.4421686000132,1351.8093553000049,deck_data_1.xlsx,deck_B_wins,deck_B_lose,deck_D_wins,deck_D_lose,deck_C_wins,deck_C_lose,deck_A_wins,deck_A_lose,1.0,0.1538461538461538,0.0,0.6923076923076923,0.6923076923076923,1.0,2.0,64.0,0.0,1757.0,0.0,1757.0,15759.0,0.1538461538461538,775.0,460.0,403.0,223.0,142.0,176.0,437.0,471.0,7.0,7.0,3.0,5.0,110.71428571428572,65.71428571428571,110.71428571428572,57.57142857142857,31.857142857142858,57.57142857142857,47.333333333333336,58.66666666666666,47.333333333333336,87.4,94.2,87.4,4.0,A,,,D,2024-05-16_08h53.32.485,0.3599855000065872,men,19
IG52,4.0,WAIT,LOWU,23.0,1357.473022300008,1351.8402089999995,1357.6762196000054,1352.0434062999968,1359.689792000005,1354.0569786999963,deck_data_1.xlsx,deck_B_wins,deck_B_lose,deck_D_wins,deck_D_lose,deck_C_wins,deck_C_lose,deck_A_wins,deck_A_lose,1.0,0.1538461538461538,0.0,0.6923076923076923,0.6923076923076923,1.0,1.0,102.0,138.0,1859.0,0.0,1859.0,15861.0,1.0,877.0,598.0,403.0,223.0,142.0,176.0,437.0,471.0,8.0,7.0,3.0,5.0,109.625,74.75,109.625,57.57142857142857,31.857142857142858,57.57142857142857,47.333333333333336,58.66666666666666,47.333333333333336,87.4,94.2,87.4,4.0,A,,,D,2024-05-16_08h53.32.485,0.2031972999973277,men,19
IG52,4.0,WAIT,LOWU,24.0,1359.7218984000065,1354.089085099998,1360.1091720000113,1354.4763587000027,1362.1230011000007,1356.490187799992,deck_data_1.xlsx,deck_B_wins,deck_B_lose,deck_D_wins,deck_D_lose,deck_C_wins,deck_C_lose,deck_A_wins,deck_A_lose,1.0,0.1538461538461538,0.0,0.6923076923076923,0.6923076923076923,1.0,4.0,78.0,0.0,1937.0,0.0,1937.0,15939.0,0.6923076923076923,877.0,598.0,403.0,223.0,142.0,176.0,515.0,471.0,8.0,7.0,3.0,6.0,109.625,74.75,109.625,57.57142857142857,31.857142857142858,57.57142857142857,47.333333333333336,58.66666666666666,47.333333333333336,85.83333333333333,78.5,85.83333333333333,4.0,A,,,D,2024-05-16_08h53.32.485,0.3872736000048462,men,19
IG52,4.0,WAIT,LOWU,25.0,1362.1471601000085,1356.5143468,1362.4224695000012,1356.7896561999926,1364.4374802000093,1358.8046669000007,deck_data_1.xlsx,deck_B_wins,deck_B_lose,deck_D_wins,deck_D_lose,deck_C_wins,deck_C_lose,deck_A_wins,deck_A_lose,1.0,0.1538461538461538,0.0,0.6923076923076923,0.6923076923076923,1.0,3.0,55.0,0.0,1992.0,0.0,1992.0,15994.0,0.0,877.0,598.0,403.0,223.0,197.0,176.0,515.0,471.0,8.0,7.0,4.0,6.0,109.625,74.75,109.625,57.57142857142857,31.857142857142858,57.57142857142857,49.25,44.0,49.25,85.83333333333333,78.5,85.83333333333333,4.0,A,,,D,2024-05-16_08h53.32.485,0.2753093999926932,men,19
IG52,4.0,WAIT,LOWU,26.0,1364.4623194000014,1358.8295060999928,1364.7699763000128,1359.1371630000042,1366.7850516000035,1361.152238299995,deck_data_1.xlsx,deck_B_wins,deck_B_lose,deck_D_wins,deck_D_lose,deck_C_wins,deck_C_lose,deck_A_wins,deck_A_lose,1.0,0.1538461538461538,0.0,0.6923076923076923,0.6923076923076923,1.0,1.0,96.0,102.0,2088.0,0.0,2088.0,16090.0,1.0,973.0,700.0,403.0,223.0,197.0,176.0,515.0,471.0,9.0,7.0,4.0,6.0,108.11111111111111,77.77777777777777,108.11111111111111,57.57142857142857,31.857142857142858,57.57142857142857,49.25,44.0,49.25,85.83333333333333,78.5,85.83333333333333,4.0,A,,,D,2024-05-16_08h53.32.485,0.3076569000113522,men,19
IG52,4.0,WAIT,LOWU,27.0,1366.8134397000103,1361.1806264000018,1367.2177462000109,1361.5849329000025,1369.2303608000077,1363.597547499999,deck_data_1.xlsx,deck_B_wins,deck_B_lose,deck_D_wins,deck_D_lose,deck_C_wins,deck_C_lose,deck_A_wins,deck_A_lose,1.0,0.1538461538461538,0.0,0.6923076923076923,0.6923076923076923,1.0,2.0,40.0,70.0,2128.0,0.0,2128.0,16130.0,0.1538461538461538,973.0,700.0,443.0,293.0,197.0,176.0,515.0,471.0,9.0,8.0,4.0,6.0,108.11111111111111,77.77777777777777,108.11111111111111,55.375,36.625,55.375,49.25,44.0,49.25,85.83333333333333,78.5,85.83333333333333,4.0,A,,,D,2024-05-16_08h53.32.485,0.4043065000005299,men,19
IG52,4.0,WAIT,LOWU,28.0,1369.259271300005,1363.6264579999963,1369.6159726000042,1363.9831592999956,1371.6278888000088,1365.9950755000002,deck_data_1.xlsx,deck_B_wins,deck_B_lose,deck_D_wins,deck_D_lose,deck_C_wins,deck_C_lose,deck_A_wins,deck_A_lose,1.0,0.1538461538461538,0.0,0.6923076923076923,0.6923076923076923,1.0,4.0,88.0,0.0,2216.0,0.0,2216.0,16218.0,0.6923076923076923,973.0,700.0,443.0,293.0,197.0,176.0,603.0,471.0,9.0,8.0,4.0,7.0,108.11111111111111,77.77777777777777,108.11111111111111,55.375,36.625,55.375,49.25,44.0,49.25,86.14285714285714,67.28571428571429,86.14285714285714,4.0,A,,,D,2024-05-16_08h53.32.485,0.3567012999992585,men,19
IG52,4.0,WAIT,LOWU,29.0,1371.6573848000116,1366.024571500003,1372.229421600001,1366.5966082999923,1374.2443681000004,1368.6115547999918,deck_data_1.xlsx,deck_B_wins,deck_B_lose,deck_D_wins,deck_D_lose,deck_C_wins,deck_C_lose,deck_A_wins,deck_A_lose,1.0,0.1538461538461538,0.0,0.6923076923076923,0.6923076923076923,1.0,4.0,98.0,129.0,2314.0,0.0,2314.0,16316.0,0.6923076923076923,973.0,700.0,443.0,293.0,197.0,176.0,701.0,600.0,9.0,8.0,4.0,8.0,108.11111111111111,77.77777777777777,108.11111111111111,55.375,36.625,55.375,49.25,44.0,49.25,87.625,75.0,87.625,4.0,A,,,D,2024-05-16_08h53.32.485,0.5720367999892915,men,19
IG52,4.0,WAIT,LOWU,30.0,1374.2689217000006,1368.636108399992,1374.5607432000106,1368.927929900002,1376.573102800001,1370.9402894999923,deck_data_1.xlsx,deck_B_wins,deck_B_lose,deck_D_wins,deck_D_lose,deck_C_wins,deck_C_lose,deck_A_wins,deck_A_lose,1.0,0.1538461538461538,0.0,0.6923076923076923,0.6923076923076923,1.0,4.0,88.0,0.0,2402.0,0.0,2402.0,16404.0,0.6923076923076923,973.0,700.0,443.0,293.0,197.0,176.0,789.0,600.0,9.0,8.0,4.0,9.0,108.11111111111111,77.77777777777777,108.11111111111111,55.375,36.625,55.375,49.25,44.0,49.25,87.66666666666667,66.66666666666667,87.66666666666667,4.0,A,,,D,2024-05-16_08h53.32.485,0.2918215000099735,men,19
IG52,4.0,WAIT,LOWU,31.0,1376.6101182999992,1370.9773049999906,1377.0255359000002,1371.3927225999917,1379.0374209,1373.404607599991,deck_data_1.xlsx,deck_B_wins,deck_B_lose,deck_D_wins,deck_D_lose,deck_C_wins,deck_C_lose,deck_A_wins,deck_A_lose,1.0,0.1538461538461538,0.0,0.6923076923076923,0.6923076923076923,1.0,1.0,127.0,0.0,2529.0,0.0,2529.0,16531.0,1.0,1100.0,700.0,443.0,293.0,197.0,176.0,789.0,600.0,10.0,8.0,4.0,9.0,110.0,70.0,110.0,55.375,36.625,55.375,49.25,44.0,49.25,87.66666666666667,66.66666666666667,87.66666666666667,5.0,A,,,D,2024-05-16_08h53.32.485,0.415417600001092,men,19
IG52,4.0,WAIT,LOWU,32.0,1379.0637338000088,1373.4309205000002,1379.4379533000028,1373.8051399999945,1381.451507500009,1375.8186942000004,deck_data_1.xlsx,deck_B_wins,deck_B_lose,deck_D_wins,deck_D_lose,deck_C_wins,deck_C_lose,deck_A_wins,deck_A_lose,1.0,0.1538461538461538,0.0,0.6923076923076923,0.6923076923076923,1.0,1.0,97.0,0.0,2626.0,0.0,2626.0,16628.0,1.0,1197.0,700.0,443.0,293.0,197.0,176.0,789.0,600.0,11.0,8.0,4.0,9.0,108.8181818181818,63.63636363636363,108.8181818181818,55.375,36.625,55.375,49.25,44.0,49.25,87.66666666666667,66.66666666666667,87.66666666666667,5.0,,,,D,2024-05-16_08h53.32.485,0.3742194999940693,men,19
IG52,4.0,WAIT,LOWU,33.0,1381.480966300005,1375.8481529999965,1381.85254420001,1376.2197309000014,1383.8681019000069,1378.2352885999985,deck_data_1.xlsx,deck_B_wins,deck_B_lose,deck_D_wins,deck_D_lose,deck_C_wins,deck_C_lose,deck_A_wins,deck_A_lose,1.0,0.1538461538461538,0.0,0.6923076923076923,0.6923076923076923,1.0,4.0,111.0,0.0,2737.0,0.0,2737.0,16739.0,0.6923076923076923,1197.0,700.0,443.0,293.0,197.0,176.0,900.0,600.0,11.0,8.0,4.0,10.0,108.8181818181818,63.63636363636363,108.8181818181818,55.375,36.625,55.375,49.25,44.0,49.25,90.0,60.0,90.0,6.0,,,,D,2024-05-16_08h53.32.485,0.3715779000049224,men,19
IG52,4.0,WAIT,LOWU,34.0,1383.8927010000043,1378.2598876999955,1384.200640400013,1378.5678271000045,1386.215681600006,1380.5828682999977,deck_data_1.xlsx,deck_B_wins,deck_B_lose,deck_D_wins,deck_D_lose,deck_C_wins,deck_C_lose,deck_A_wins,deck_A_lose,1.0,0.1538461538461538,0.0,0.6923076923076923,0.6923076923076923,1.0,4.0,119.0,0.0,2856.0,0.0,2856.0,16858.0,0.6923076923076923,1197.0,700.0,443.0,293.0,197.0,176.0,1019.0,600.0,11.0,8.0,4.0,11.0,108.8181818181818,63.63636363636363,108.8181818181818,55.375,36.625,55.375,49.25,44.0,49.25,92.63636363636364,54.54545454545455,92.63636363636364,6.0,A,,,,2024-05-16_08h53.32.485,0.3079394000087632,men,19
IG52,4.0,WAIT,LOWU,35.0,1386.2487124000036,1380.615899099995,1386.6335731,1381.000759799991,1388.6439431000035,1383.011129799995,deck_data_1.xlsx,deck_B_wins,deck_B_lose,deck_D_wins,deck_D_lose,deck_C_wins,deck_C_lose,deck_A_wins,deck_A_lose,1.0,0.1538461538461538,0.0,0.6923076923076923,0.6923076923076923,1.0,4.0,87.0,0.0,2943.0,0.0,2943.0,16945.0,0.6923076923076923,1197.0,700.0,443.0,293.0,197.0,176.0,1106.0,600.0,11.0,8.0,4.0,12.0,108.8181818181818,63.63636363636363,108.8181818181818,55.375,36.625,55.375,49.25,44.0,49.25,92.16666666666669,50.0,92.16666666666669,6.0,A,,,,2024-05-16_08h53.32.485,0.3848606999963522,men,19
IG52,4.0,WAIT,LOWU,36.0,1388.6617297000048,1383.0289163999962,1388.8300696000078,1383.1972562999993,1390.8444692000048,1385.2116558999962,deck_data_1.xlsx,deck_B_wins,deck_B_lose,deck_D_wins,deck_D_lose,deck_C_wins,deck_C_lose,deck_A_wins,deck_A_lose,1.0,0.1538461538461538,0.0,0.6923076923076923,0.6923076923076923,1.0,2.0,41.0,57.0,2984.0,0.0,2984.0,16986.0,0.1538461538461538,1197.0,700.0,484.0,350.0,197.0,176.0,1106.0,600.0,11.0,9.0,4.0,12.0,108.8181818181818,63.63636363636363,108.8181818181818,53.77777777777778,38.888888888888886,53.77777777777778,49.25,44.0,49.25,92.16666666666669,50.0,92.16666666666669,6.0,A,,,,2024-05-16_08h53.32.485,0.1683399000030476,men,19
IG52,4.0,WAIT,LOWU,37.0,1390.8674089000124,1385.2345956000038,1391.4600594000076,1385.827246099999,1393.4752800000133,1387.8424667000047,deck_data_1.xlsx,deck_B_wins,deck_B_lose,deck_D_wins,deck_D_lose,deck_C_wins,deck_C_lose,deck_A_wins,deck_A_lose,1.0,0.1538461538461538,0.0,0.6923076923076923,0.6923076923076923,1.0,3.0,31.0,0.0,3015.0,0.0,3015.0,17017.0,0.0,1197.0,700.0,484.0,350.0,228.0,176.0,1106.0,600.0,11.0,9.0,5.0,12.0,108.8181818181818,63.63636363636363,108.8181818181818,53.77777777777778,38.888888888888886,53.77777777777778,45.6,35.2,45.6,92.16666666666669,50.0,92.16666666666669,6.0,A,,,,2024-05-16_08h53.32.485,0.5926504999952158,men,19
IG52,4.0,WAIT,LOWU,38.0,1393.5035496000055,1387.870736299997,1394.4402065000031,1388.8073931999943,1396.4558132000093,1390.8229999000007,deck_data_1.xlsx,deck_B_wins,deck_B_lose,deck_D_wins,deck_D_lose,deck_C_wins,deck_C_lose,deck_A_wins,deck_A_lose,1.0,0.1538461538461538,0.0,0.6923076923076923,0.6923076923076923,1.0,1.0,85.0,0.0,3100.0,0.0,3100.0,17102.0,1.0,1282.0,700.0,484.0,350.0,228.0,176.0,1106.0,600.0,12.0,9.0,5.0,12.0,106.83333333333331,58.333333333333336,106.83333333333331,53.77777777777778,38.888888888888886,53.77777777777778,45.6,35.2,45.6,92.16666666666669,50.0,92.16666666666669,6.0,A,,,,2024-05-16_08h53.32.485,0.9366568999976153,men,19
IG52,4.0,WAIT,LOWU,39.0,1396.4817241000128,1390.8489108000042,1396.8560143000068,1391.2232009999982,1398.8701395000098,1393.2373262000012,deck_data_1.xlsx,deck_B_wins,deck_B_lose,deck_D_wins,deck_D_lose,deck_C_wins,deck_C_lose,deck_A_wins,deck_A_lose,1.0,0.1538461538461538,0.0,0.6923076923076923,0.6923076923076923,1.0,1.0,112.0,105.0,3212.0,0.0,3212.0,17214.0,1.0,1394.0,805.0,484.0,350.0,228.0,176.0,1106.0,600.0,13.0,9.0,5.0,12.0,107.23076923076924,61.92307692307692,107.23076923076924,53.77777777777778,38.888888888888886,53.77777777777778,45.6,35.2,45.6,92.16666666666669,50.0,92.16666666666669,6.0,A,,,,2024-05-16_08h53.32.485,0.3742901999939931,men,19
IG52,4.0,WAIT,LOWU,40.0,1398.8959909000114,1393.2631776000028,1399.534939300007,1393.9021259999984,1401.548905100004,1395.9160917999957,deck_data_1.xlsx,deck_B_wins,deck_B_lose,deck_D_wins,deck_D_lose,deck_C_wins,deck_C_lose,deck_A_wins,deck_A_lose,1.0,0.1538461538461538,0.0,0.6923076923076923,0.6923076923076923,1.0,1.0,97.0,189.0,3309.0,0.0,3309.0,17311.0,1.0,1491.0,994.0,484.0,350.0,228.0,176.0,1106.0,600.0,14.0,9.0,5.0,12.0,106.5,71.0,106.5,53.77777777777778,38.888888888888886,53.77777777777778,45.6,35.2,45.6,92.16666666666669,50.0,92.16666666666669,6.0,A,,,,2024-05-16_08h53.32.485,0.6389483999955701,men,19
IG52,4.0,WAIT,LOWU,41.0,1401.582887800003,1395.9500744999943,1402.0833127000078,1396.4504993999992,1404.097929800002,1398.4651164999934,deck_data_1.xlsx,deck_B_wins,deck_B_lose,deck_D_wins,deck_D_lose,deck_C_wins,deck_C_lose,deck_A_wins,deck_A_lose,1.0,0.1538461538461538,0.0,0.6923076923076923,0.6923076923076923,1.0,4.0,70.0,0.0,3379.0,0.0,3379.0,17381.0,0.6923076923076923,1491.0,994.0,484.0,350.0,228.0,176.0,1176.0,600.0,14.0,9.0,5.0,13.0,106.5,71.0,106.5,53.77777777777778,38.888888888888886,53.77777777777778,45.6,35.2,45.6,90.46153846153848,46.15384615384615,90.46153846153848,6.0,A,,,,2024-05-16_08h53.32.485,0.500424900004873,men,19
IG52,4.0,WAIT,LOWU,42.0,1404.1305007000046,1398.497687399996,1404.4640499000088,1398.8312366000002,1406.4791650000116,1400.846351700003,deck_data_1.xlsx,deck_B_wins,deck_B_lose,deck_D_wins,deck_D_lose,deck_C_wins,deck_C_lose,deck_A_wins,deck_A_lose,1.0,0.1538461538461538,0.0,0.6923076923076923,0.6923076923076923,1.0,4.0,101.0,0.0,3480.0,0.0,3480.0,17482.0,0.6923076923076923,1491.0,994.0,484.0,350.0,228.0,176.0,1277.0,600.0,14.0,9.0,5.0,14.0,106.5,71.0,106.5,53.77777777777778,38.888888888888886,53.77777777777778,45.6,35.2,45.6,91.21428571428572,42.85714285714285,91.21428571428572,6.0,A,,,,2024-05-16_08h53.32.485,0.3335492000041995,men,19
IG52,4.0,WAIT,LOWU,43.0,1406.511364200007,1400.8785508999983,1406.8781930000114,1401.2453797000028,1408.8910426000075,1403.258229299999,deck_data_1.xlsx,deck_B_wins,deck_B_lose,deck_D_wins,deck_D_lose,deck_C_wins,deck_C_lose,deck_A_wins,deck_A_lose,1.0,0.1538461538461538,0.0,0.6923076923076923,0.6923076923076923,1.0,4.0,111.0,101.0,3591.0,0.0,3591.0,17593.0,0.6923076923076923,1491.0,994.0,484.0,350.0,228.0,176.0,1388.0,701.0,14.0,9.0,5.0,15.0,106.5,71.0,106.5,53.77777777777778,38.888888888888886,53.77777777777778,45.6,35.2,45.6,92.53333333333332,46.73333333333333,92.53333333333332,6.0,A,,,,2024-05-16_08h53.32.485,0.3668288000044413,men,19
IG52,4.0,WAIT,LOWU,44.0,1408.9213771000068,1403.2885637999982,1409.3591963000072,1403.7263829999986,1411.3753633000017,1405.7425499999931,deck_data_1.xlsx,deck_B_wins,deck_B_lose,deck_D_wins,deck_D_lose,deck_C_wins,deck_C_lose,deck_A_wins,deck_A_lose,1.0,0.1538461538461538,0.0,0.6923076923076923,0.6923076923076923,1.0,4.0,73.0,185.0,3664.0,0.0,3664.0,17666.0,0.6923076923076923,1491.0,994.0,484.0,350.0,228.0,176.0,1461.0,886.0,14.0,9.0,5.0,16.0,106.5,71.0,106.5,53.77777777777778,38.888888888888886,53.77777777777778,45.6,35.2,45.6,91.3125,55.375,91.3125,6.0,A,,,,2024-05-16_08h53.32.485,0.4378192000003764,men,19
IG52,4.0,WAIT,LOWU,45.0,1411.4001769000024,1405.7673635999938,1411.840804300009,1406.2079910000004,1413.8527691000054,1408.2199557999968,deck_data_1.xlsx,deck_B_wins,deck_B_lose,deck_D_wins,deck_D_lose,deck_C_wins,deck_C_lose,deck_A_wins,deck_A_lose,1.0,0.1538461538461538,0.0,0.6923076923076923,0.6923076923076923,1.0,1.0,106.0,0.0,3770.0,0.0,3770.0,17772.0,1.0,1597.0,994.0,484.0,350.0,228.0,176.0,1461.0,886.0,15.0,9.0,5.0,16.0,106.46666666666668,66.26666666666667,106.46666666666668,53.77777777777778,38.888888888888886,53.77777777777778,45.6,35.2,45.6,91.3125,55.375,91.3125,6.0,A,,,,2024-05-16_08h53.32.485,0.4406274000066332,men,19
IG52,4.0,WAIT,LOWU,46.0,1413.8810989000049,1408.2482855999965,1414.2375324000022,1408.6047190999936,1416.250380100013,1410.6175668000044,deck_data_1.xlsx,deck_B_wins,deck_B_lose,deck_D_wins,deck_D_lose,deck_C_wins,deck_C_lose,deck_A_wins,deck_A_lose,1.0,0.1538461538461538,0.0,0.6923076923076923,0.6923076923076923,1.0,1.0,101.0,0.0,3871.0,0.0,3871.0,17873.0,1.0,1698.0,994.0,484.0,350.0,228.0,176.0,1461.0,886.0,16.0,9.0,5.0,16.0,106.125,62.125,106.125,53.77777777777778,38.888888888888886,53.77777777777778,45.6,35.2,45.6,91.3125,55.375,91.3125,6.0,A,,,,2024-05-16_08h53.32.485,0.3564334999973653,men,19
IG52,4.0,WAIT,LOWU,47.0,1416.280184000003,1410.6473706999943,1416.585037500001,1410.9522241999923,1418.598110100007,1412.9652967999984,deck_data_1.xlsx,deck_B_wins,deck_B_lose,deck_D_wins,deck_D_lose,deck_C_wins,deck_C_lose,deck_A_wins,deck_A_lose,1.0,0.1538461538461538,0.0,0.6923076923076923,0.6923076923076923,1.0,3.0,31.0,99.0,3902.0,0.0,3902.0,17904.0,0.0,1698.0,994.0,484.0,350.0,259.0,275.0,1461.0,886.0,16.0,9.0,6.0,16.0,106.125,62.125,106.125,53.77777777777778,38.888888888888886,53.77777777777778,43.16666666666666,45.833333333333336,43.16666666666666,91.3125,55.375,91.3125,6.0,A,,,,2024-05-16_08h53.32.485,0.3048534999979893,men,19
IG52,4.0,WAIT,LOWU,48.0,1418.6272065000085,1412.9943932,1418.9675780000107,1413.334764700002,1420.9811456000025,1415.348332299994,deck_data_1.xlsx,deck_B_wins,deck_B_lose,deck_D_wins,deck_D_lose,deck_C_wins,deck_C_lose,deck_A_wins,deck_A_lose,1.0,0.1538461538461538,0.0,0.6923076923076923,0.6923076923076923,1.0,2.0,66.0,0.0,3968.0,0.0,3968.0,17970.0,0.1538461538461538,1698.0,994.0,550.0,350.0,259.0,275.0,1461.0,886.0,16.0,10.0,6.0,16.0,106.125,62.125,106.125,55.0,35.0,55.0,43.16666666666666,45.833333333333336,43.16666666666666,91.3125,55.375,91.3125,7.0,A,,,,2024-05-16_08h53.32.485,0.3403715000022203,men,19
IG52,4.0,WAIT,LOWU,49.0,1421.0040126000094,1415.3711993000009,1421.2816356000112,1415.6488223000026,1423.293492900004,1417.660679599995,deck_data_1.xlsx,deck_B_wins,deck_B_lose,deck_D_wins,deck_D_lose,deck_C_wins,deck_C_lose,deck_A_wins,deck_A_lose,1.0,0.1538461538461538,0.0,0.6923076923076923,0.6923076923076923,1.0,2.0,69.0,0.0,4037.0,0.0,4037.0,18039.0,0.1538461538461538,1698.0,994.0,619.0,350.0,259.0,275.0,1461.0,886.0,16.0,11.0,6.0,16.0,106.125,62.125,106.125,56.27272727272727,31.818181818181817,56.27272727272727,43.16666666666666,45.833333333333336,43.16666666666666,91.3125,55.375,91.3125,7.0,A,,,,2024-05-16_08h53.32.485,0.2776230000017676,men,19
IG52,4.0,WAIT,LOWU,50.0,1423.3230570000014,1417.6902436999928,1423.595348700008,1417.9625353999993,1425.6079750000065,1419.975161699998,deck_data_1.xlsx,deck_B_wins,deck_B_lose,deck_D_wins,deck_D_lose,deck_C_wins,deck_C_lose,deck_A_wins,deck_A_lose,1.0,0.1538461538461538,0.0,0.6923076923076923,0.6923076923076923,1.0,2.0,58.0,50.0,4095.0,0.0,4095.0,18097.0,0.1538461538461538,1698.0,994.0,677.0,400.0,259.0,275.0,1461.0,886.0,16.0,12.0,6.0,16.0,106.125,62.125,106.125,56.41666666666666,33.333333333333336,56.41666666666666,43.16666666666666,45.833333333333336,43.16666666666666,91.3125,55.375,91.3125,7.0,A,,,,2024-05-16_08h53.32.485,0.2722917000064626,men,19
IG52,4.0,WAIT,LOWU,51.0,1425.6443155000015,1420.011502199993,1425.8255183,1420.1927049999915,1427.838964300012,1422.2061510000035,deck_data_1.xlsx,deck_B_wins,deck_B_lose,deck_D_wins,deck_D_lose,deck_C_wins,deck_C_lose,deck_A_wins,deck_A_lose,1.0,0.1538461538461538,0.0,0.6923076923076923,0.6923076923076923,1.0,1.0,126.0,0.0,4221.0,0.0,4221.0,18223.0,1.0,1824.0,994.0,677.0,400.0,259.0,275.0,1461.0,886.0,17.0,12.0,6.0,16.0,107.29411764705884,58.47058823529412,107.29411764705884,56.41666666666666,33.333333333333336,56.41666666666666,43.16666666666666,45.833333333333336,43.16666666666666,91.3125,55.375,91.3125,7.0,A,,,,2024-05-16_08h53.32.485,0.181202799998573,men,19
IG52,4.0,WAIT,LOWU,52.0,1427.874076700013,1422.2412634000043,1428.4063479000033,1422.7735345999947,1430.4223591000043,1424.7895457999955,deck_data_1.xlsx,deck_B_wins,deck_B_lose,deck_D_wins,deck_D_lose,deck_C_wins,deck_C_lose,deck_A_wins,deck_A_lose,1.0,0.1538461538461538,0.0,0.6923076923076923,0.6923076923076923,1.0,4.0,75.0,0.0,4296.0,0.0,4296.0,18298.0,0.6923076923076923,1824.0,994.0,677.0,400.0,259.0,275.0,1536.0,886.0,17.0,12.0,6.0,17.0,107.29411764705884,58.47058823529412,107.29411764705884,56.41666666666666,33.333333333333336,56.41666666666666,43.16666666666666,45.833333333333336,43.16666666666666,90.3529411764706,52.11764705882353,90.3529411764706,7.0,A,,,,2024-05-16_08h53.32.485,0.5322711999904186,men,19
IG52,4.0,WAIT,LOWU,53.0,1430.4510447000066,1424.818231399998,1431.2534537000029,1425.6206403999945,1433.266569200001,1427.6337558999924,deck_data_1.xlsx,deck_B_wins,deck_B_lose,deck_D_wins,deck_D_lose,deck_C_wins,deck_C_lose,deck_A_wins,deck_A_lose,1.0,0.1538461538461538,0.0,0.6923076923076923,0.6923076923076923,1.0,1.0,124.0,114.0,4420.0,0.0,4420.0,18422.0,1.0,1948.0,1108.0,677.0,400.0,259.0,275.0,1536.0,886.0,18.0,12.0,6.0,17.0,108.22222222222224,61.55555555555556,108.22222222222224,56.41666666666666,33.333333333333336,56.41666666666666,43.16666666666666,45.833333333333336,43.16666666666666,90.3529411764706,52.11764705882353,90.3529411764706,7.0,A,,,,2024-05-16_08h53.32.485,0.8024089999962598,men,19
IG52,4.0,WAIT,LOWU,54.0,1433.2875047000125,1427.654691400004,1433.335248400006,1427.7024350999975,1435.3480574999994,1429.7152441999908,deck_data_1.xlsx,deck_B_wins,deck_B_lose,deck_D_wins,deck_D_lose,deck_C_wins,deck_C_lose,deck_A_wins,deck_A_lose,1.0,0.1538461538461538,0.0,0.6923076923076923,0.6923076923076923,1.0,1.0,125.0,118.0,4545.0,0.0,4545.0,18547.0,1.0,2073.0,1226.0,677.0,400.0,259.0,275.0,1536.0,886.0,19.0,12.0,6.0,17.0,109.10526315789474,64.52631578947368,109.10526315789474,56.41666666666666,33.333333333333336,56.41666666666666,43.16666666666666,45.833333333333336,43.16666666666666,90.3529411764706,52.11764705882353,90.3529411764706,7.0,A,,,,2024-05-16_08h53.32.485,0.0477436999935889,men,19
IG52,4.0,WAIT,LOWU,55.0,1435.375695900002,1429.7428825999934,1435.8321717000072,1430.1993583999986,1437.8477701000083,1432.2149567999998,deck_data_1.xlsx,deck_B_wins,deck_B_lose,deck_D_wins,deck_D_lose,deck_C_wins,deck_C_lose,deck_A_wins,deck_A_lose,1.0,0.1538461538461538,0.0,0.6923076923076923,0.6923076923076923,1.0,1.0,127.0,174.0,4672.0,0.0,4672.0,18674.0,1.0,2200.0,1400.0,677.0,400.0,259.0,275.0,1536.0,886.0,20.0,12.0,6.0,17.0,110.0,70.0,110.0,56.41666666666666,33.333333333333336,56.41666666666666,43.16666666666666,45.833333333333336,43.16666666666666,90.3529411764706,52.11764705882353,90.3529411764706,7.0,A,,,,2024-05-16_08h53.32.485,0.456475800005137,men,19
IG52,4.0,WAIT,LOWU,56.0,1437.869973400011,1432.2371601000025,1438.2139109000127,1432.581097600004,1440.228751200004,1434.5959378999953,deck_data_1.xlsx,deck_B_wins,deck_B_lose,deck_D_wins,deck_D_lose,deck_C_wins,deck_C_lose,deck_A_wins,deck_A_lose,1.0,0.1538461538461538,0.0,0.6923076923076923,0.6923076923076923,1.0,1.0,129.0,166.0,4801.0,0.0,4801.0,18803.0,1.0,2329.0,1566.0,677.0,400.0,259.0,275.0,1536.0,886.0,21.0,12.0,6.0,17.0,110.9047619047619,74.57142857142857,110.9047619047619,56.41666666666666,33.333333333333336,56.41666666666666,43.16666666666666,45.833333333333336,43.16666666666666,90.3529411764706,52.11764705882353,90.3529411764706,7.0,A,,,,2024-05-16_08h53.32.485,0.3439375000016298,men,19
IG52,4.0,WAIT,LOWU,57.0,1440.252754000001,1434.6199406999924,1441.610724099999,1435.9779107999905,1443.6234474000084,1437.9906341,deck_data_1.xlsx,deck_B_wins,deck_B_lose,deck_D_wins,deck_D_lose,deck_C_wins,deck_C_lose,deck_A_wins,deck_A_lose,1.0,0.1538461538461538,0.0,0.6923076923076923,0.6923076923076923,1.0,1.0,114.0,0.0,4915.0,0.0,4915.0,18917.0,1.0,2443.0,1566.0,677.0,400.0,259.0,275.0,1536.0,886.0,22.0,12.0,6.0,17.0,111.04545454545456,71.18181818181819,111.04545454545456,56.41666666666666,33.333333333333336,56.41666666666666,43.16666666666666,45.833333333333336,43.16666666666666,90.3529411764706,52.11764705882353,90.3529411764706,7.0,A,,,,2024-05-16_08h53.32.485,1.357970099998056,men,19
IG52,4.0,WAIT,LOWU,58.0,1443.6449960000027,1438.012182699994,1444.191182900002,1438.5583695999935,1446.206214500009,1440.5734012000005,deck_data_1.xlsx,deck_B_wins,deck_B_lose,deck_D_wins,deck_D_lose,deck_C_wins,deck_C_lose,deck_A_wins,deck_A_lose,1.0,0.1538461538461538,0.0,0.6923076923076923,0.6923076923076923,1.0,1.0,103.0,0.0,5018.0,0.0,5018.0,19020.0,1.0,2546.0,1566.0,677.0,400.0,259.0,275.0,1536.0,886.0,23.0,12.0,6.0,17.0,110.69565217391305,68.08695652173913,110.69565217391305,56.41666666666666,33.333333333333336,56.41666666666666,43.16666666666666,45.833333333333336,43.16666666666666,90.3529411764706,52.11764705882353,90.3529411764706,7.0,A,,,,2024-05-16_08h53.32.485,0.546186899999384,men,19
IG52,4.0,WAIT,LOWU,59.0,1446.2287988000026,1440.595985499994,1446.58935200001,1440.9565387000014,1448.603677200008,1442.9708638999994,deck_data_1.xlsx,deck_B_wins,deck_B_lose,deck_D_wins,deck_D_lose,deck_C_wins,deck_C_lose,deck_A_wins,deck_A_lose,1.0,0.1538461538461538,0.0,0.6923076923076923,0.6923076923076923,1.0,1.0,127.0,0.0,5145.0,0.0,5145.0,19147.0,1.0,2673.0,1566.0,677.0,400.0,259.0,275.0,1536.0,886.0,24.0,12.0,6.0,17.0,111.375,65.25,111.375,56.41666666666666,33.333333333333336,56.41666666666666,43.16666666666666,45.833333333333336,43.16666666666666,90.3529411764706,52.11764705882353,90.3529411764706,7.0,A,,,,2024-05-16_08h53.32.485,0.3605532000074163,men,19
IG52,4.0,WAIT,LOWU,60.0,1448.6244665000122,1442.9916532000036,1449.1029855000088,1443.4701722000002,1451.1178597000107,1445.485046400002,deck_data_1.xlsx,deck_B_wins,deck_B_lose,deck_D_wins,deck_D_lose,deck_C_wins,deck_C_lose,deck_A_wins,deck_A_lose,1.0,0.1538461538461538,0.0,0.6923076923076923,0.6923076923076923,1.0,1.0,81.0,0.0,5226.0,0.0,5226.0,19228.0,1.0,2754.0,1566.0,677.0,400.0,259.0,275.0,1536.0,886.0,25.0,12.0,6.0,17.0,110.16,62.64,110.16,56.41666666666666,33.333333333333336,56.41666666666666,43.16666666666666,45.833333333333336,43.16666666666666,90.3529411764706,52.11764705882353,90.3529411764706,7.0,A,,,,2024-05-16_08h53.32.485,0.4785189999965951,men,19
IG52,4.0,WAIT,LOWU,61.0,1451.1351319000096,1445.502318600001,1451.701544200012,1446.0687309000034,1453.7154449000082,1448.0826315999996,deck_data_1.xlsx,deck_B_wins,deck_B_lose,deck_D_wins,deck_D_lose,deck_C_wins,deck_C_lose,deck_A_wins,deck_A_lose,1.0,0.1538461538461538,0.0,0.6923076923076923,0.6923076923076923,1.0,4.0,80.0,175.0,5306.0,0.0,5306.0,19308.0,0.6923076923076923,2754.0,1566.0,677.0,400.0,259.0,275.0,1616.0,1061.0,25.0,12.0,6.0,18.0,110.16,62.64,110.16,56.41666666666666,33.333333333333336,56.41666666666666,43.16666666666666,45.833333333333336,43.16666666666666,89.77777777777777,58.94444444444444,89.77777777777777,7.0,A,,,,2024-05-16_08h53.32.485,0.5664123000024119,men,19
IG52,4.0,WAIT,LOWU,62.0,1453.7432960000006,1448.110482699992,1454.0487202000077,1448.415906899999,1456.0630710000114,1450.4302577000028,deck_data_1.xlsx,deck_B_wins,deck_B_lose,deck_D_wins,deck_D_lose,deck_C_wins,deck_C_lose,deck_A_wins,deck_A_lose,1.0,0.1538461538461538,0.0,0.6923076923076923,0.6923076923076923,1.0,4.0,83.0,0.0,5389.0,0.0,5389.0,19391.0,0.6923076923076923,2754.0,1566.0,677.0,400.0,259.0,275.0,1699.0,1061.0,25.0,12.0,6.0,19.0,110.16,62.64,110.16,56.41666666666666,33.333333333333336,56.41666666666666,43.16666666666666,45.833333333333336,43.16666666666666,89.42105263157895,55.8421052631579,89.42105263157895,7.0,A,,,,2024-05-16_08h53.32.485,0.3054242000071099,men,19
IG52,4.0,WAIT,LOWU,63.0,1456.0862815,1450.4534681999914,1456.3968471000117,1450.764033800003,1458.410700400011,1452.7778871000023,deck_data_1.xlsx,deck_B_wins,deck_B_lose,deck_D_wins,deck_D_lose,deck_C_wins,deck_C_lose,deck_A_wins,deck_A_lose,1.0,0.1538461538461538,0.0,0.6923076923076923,0.6923076923076923,1.0,4.0,101.0,139.0,5490.0,0.0,5490.0,19492.0,0.6923076923076923,2754.0,1566.0,677.0,400.0,259.0,275.0,1800.0,1200.0,25.0,12.0,6.0,20.0,110.16,62.64,110.16,56.41666666666666,33.333333333333336,56.41666666666666,43.16666666666666,45.833333333333336,43.16666666666666,90.0,60.0,90.0,7.0,A,,,,2024-05-16_08h53.32.485,0.3105656000116141,men,19
IG52,4.0,WAIT,LOWU,64.0,1458.4401005000109,1452.8072872000023,1458.9101877000066,1453.277374399998,1460.9248022000102,1455.2919889000016,deck_data_1.xlsx,deck_B_wins,deck_B_lose,deck_D_wins,deck_D_lose,deck_C_wins,deck_C_lose,deck_A_wins,deck_A_lose,1.0,0.1538461538461538,0.0,0.6923076923076923,0.6923076923076923,1.0,4.0,88.0,188.0,5578.0,0.0,5578.0,19580.0,0.6923076923076923,2754.0,1566.0,677.0,400.0,259.0,275.0,1888.0,1388.0,25.0,12.0,6.0,21.0,110.16,62.64,110.16,56.41666666666666,33.333333333333336,56.41666666666666,43.16666666666666,45.833333333333336,43.16666666666666,89.9047619047619,66.0952380952381,89.9047619047619,7.0,A,,,,2024-05-16_08h53.32.485,0.4700871999957599,men,19
IG52,4.0,WAIT,LOWU,65.0,1460.9447335000004,1455.3119201999918,1461.540807000012,1455.907993700003,1463.5534007000097,1457.920587400001,deck_data_1.xlsx,deck_B_wins,deck_B_lose,deck_D_wins,deck_D_lose,deck_C_wins,deck_C_lose,deck_A_wins,deck_A_lose,1.0,0.1538461538461538,0.0,0.6923076923076923,0.6923076923076923,1.0,4.0,73.0,0.0,5651.0,0.0,5651.0,19653.0,0.6923076923076923,2754.0,1566.0,677.0,400.0,259.0,275.0,1961.0,1388.0,25.0,12.0,6.0,22.0,110.16,62.64,110.16,56.41666666666666,33.333333333333336,56.41666666666666,43.16666666666666,45.833333333333336,43.16666666666666,89.13636363636364,63.09090909090909,89.13636363636364,7.0,A,,,,2024-05-16_08h53.32.485,0.596073500011471,men,19
IG52,4.0,WAIT,LOWU,66.0,1463.5850436000037,1457.952230299995,1464.1892739000032,1458.5564605999946,1466.2036309000105,1460.570817600002,deck_data_1.xlsx,deck_B_wins,deck_B_lose,deck_D_wins,deck_D_lose,deck_C_wins,deck_C_lose,deck_A_wins,deck_A_lose,1.0,0.1538461538461538,0.0,0.6923076923076923,0.6923076923076923,1.0,1.0,98.0,151.0,5749.0,0.0,5749.0,19751.0,1.0,2852.0,1717.0,677.0,400.0,259.0,275.0,1961.0,1388.0,26.0,12.0,6.0,22.0,109.6923076923077,66.03846153846153,109.6923076923077,56.41666666666666,33.333333333333336,56.41666666666666,43.16666666666666,45.833333333333336,43.16666666666666,89.13636363636364,63.09090909090909,89.13636363636364,7.0,A,,,,2024-05-16_08h53.32.485,0.6042302999994718,men,19
IG52,4.0,WAIT,LOWU,67.0,1466.2315776000032,1460.5987642999946,1466.5685395000037,1460.935726199995,1468.5839780000097,1462.951164700001,deck_data_1.xlsx,deck_B_wins,deck_B_lose,deck_D_wins,deck_D_lose,deck_C_wins,deck_C_lose,deck_A_wins,deck_A_lose,1.0,0.1538461538461538,0.0,0.6923076923076923,0.6923076923076923,1.0,1.0,119.0,127.0,5868.0,0.0,5868.0,19870.0,1.0,2971.0,1844.0,677.0,400.0,259.0,275.0,1961.0,1388.0,27.0,12.0,6.0,22.0,110.03703703703704,68.29629629629629,110.03703703703704,56.41666666666666,33.333333333333336,56.41666666666666,43.16666666666666,45.833333333333336,43.16666666666666,89.13636363636364,63.09090909090909,89.13636363636364,7.0,A,,,,2024-05-16_08h53.32.485,0.3369619000004604,men,19
IG52,4.0,WAIT,LOWU,68.0,1468.6079173000037,1462.975103999995,1468.951282000009,1463.3184687000005,1470.9651341999995,1465.332320899991,deck_data_1.xlsx,deck_B_wins,deck_B_lose,deck_D_wins,deck_D_lose,deck_C_wins,deck_C_lose,deck_A_wins,deck_A_lose,1.0,0.1538461538461538,0.0,0.6923076923076923,0.6923076923076923,1.0,1.0,93.0,100.0,5961.0,0.0,5961.0,19963.0,1.0,3064.0,1944.0,677.0,400.0,259.0,275.0,1961.0,1388.0,28.0,12.0,6.0,22.0,109.42857142857144,69.42857142857143,109.42857142857144,56.41666666666666,33.333333333333336,56.41666666666666,43.16666666666666,45.833333333333336,43.16666666666666,89.13636363636364,63.09090909090909,89.13636363636364,7.0,A,,,,2024-05-16_08h53.32.485,0.3433647000053952,men,19
IG52,4.0,WAIT,LOWU,69.0,1470.98711490001,1465.3543016000017,1471.4476256000053,1465.814812299997,1473.4624791000097,1467.829665800001,deck_data_1.xlsx,deck_B_wins,deck_B_lose,deck_D_wins,deck_D_lose,deck_C_wins,deck_C_lose,deck_A_wins,deck_A_lose,1.0,0.1538461538461538,0.0,0.6923076923076923,0.6923076923076923,1.0,1.0,125.0,0.0,6086.0,0.0,6086.0,20088.0,1.0,3189.0,1944.0,677.0,400.0,259.0,275.0,1961.0,1388.0,29.0,12.0,6.0,22.0,109.96551724137932,67.03448275862068,109.96551724137932,56.41666666666666,33.333333333333336,56.41666666666666,43.16666666666666,45.833333333333336,43.16666666666666,89.13636363636364,63.09090909090909,89.13636363636364,7.0,A,,,,2024-05-16_08h53.32.485,0.4605106999952113,men,19
IG52,4.0,WAIT,LOWU,70.0,1473.49482420001,1467.8620109000017,1473.8279834999994,1468.1951701999908,1475.8434197000024,1470.2106063999938,deck_data_1.xlsx,deck_B_wins,deck_B_lose,deck_D_wins,deck_D_lose,deck_C_wins,deck_C_lose,deck_A_wins,deck_A_lose,1.0,0.1538461538461538,0.0,0.6923076923076923,0.6923076923076923,1.0,1.0,111.0,156.0,6197.0,0.0,6197.0,20199.0,1.0,3300.0,2100.0,677.0,400.0,259.0,275.0,1961.0,1388.0,30.0,12.0,6.0,22.0,110.0,70.0,110.0,56.41666666666666,33.333333333333336,56.41666666666666,43.16666666666666,45.833333333333336,43.16666666666666,89.13636363636364,63.09090909090909,89.13636363636364,7.0,A,,,,2024-05-16_08h53.32.485,0.3331592999893473,men,19
IG52,4.0,WAIT,LOWU,71.0,1475.8658198000048,1470.2330064999962,1476.1933294000046,1470.560516099996,1478.206119200011,1472.5733059000024,deck_data_1.xlsx,deck_B_wins,deck_B_lose,deck_D_wins,deck_D_lose,deck_C_wins,deck_C_lose,deck_A_wins,deck_A_lose,1.0,0.1538461538461538,0.0,0.6923076923076923,0.6923076923076923,1.0,1.0,110.0,186.0,6307.0,0.0,6307.0,20309.0,1.0,3410.0,2286.0,677.0,400.0,259.0,275.0,1961.0,1388.0,31.0,12.0,6.0,22.0,110.0,73.74193548387096,110.0,56.41666666666666,33.333333333333336,56.41666666666666,43.16666666666666,45.833333333333336,43.16666666666666,89.13636363636364,63.09090909090909,89.13636363636364,7.0,A,,,,2024-05-16_08h53.32.485,0.3275095999997575,men,19
IG52,4.0,WAIT,LOWU,72.0,1478.2363190000033,1472.603505699995,1478.656913800005,1473.0241004999964,1480.6720225000026,1475.039209199994,deck_data_1.xlsx,deck_B_wins,deck_B_lose,deck_D_wins,deck_D_lose,deck_C_wins,deck_C_lose,deck_A_wins,deck_A_lose,1.0,0.1538461538461538,0.0,0.6923076923076923,0.6923076923076923,1.0,1.0,102.0,0.0,6409.0,0.0,6409.0,20411.0,1.0,3512.0,2286.0,677.0,400.0,259.0,275.0,1961.0,1388.0,32.0,12.0,6.0,22.0,109.75,71.4375,109.75,56.41666666666666,33.333333333333336,56.41666666666666,43.16666666666666,45.833333333333336,43.16666666666666,89.13636363636364,63.09090909090909,89.13636363636364,7.0,A,,,,2024-05-16_08h53.32.485,0.4205948000017088,men,19
IG52,4.0,WAIT,LOWU,73.0,1480.7030486000003,1475.0702352999915,1481.137623600007,1475.5048102999983,1483.1508396999998,1477.5180263999912,deck_data_1.xlsx,deck_B_wins,deck_B_lose,deck_D_wins,deck_D_lose,deck_C_wins,deck_C_lose,deck_A_wins,deck_A_lose,1.0,0.1538461538461538,0.0,0.6923076923076923,0.6923076923076923,1.0,1.0,102.0,0.0,6511.0,0.0,6511.0,20513.0,1.0,3614.0,2286.0,677.0,400.0,259.0,275.0,1961.0,1388.0,33.0,12.0,6.0,22.0,109.51515151515152,69.27272727272727,109.51515151515152,56.41666666666666,33.333333333333336,56.41666666666666,43.16666666666666,45.833333333333336,43.16666666666666,89.13636363636364,63.09090909090909,89.13636363636364,7.0,A,,,,2024-05-16_08h53.32.485,0.4345750000065891,men,19
IG52,4.0,WAIT,LOWU,74.0,1483.1780921000027,1477.545278799994,1483.918893800001,1478.2860804999923,1485.9334114000085,1480.3005981,deck_data_1.xlsx,deck_B_wins,deck_B_lose,deck_D_wins,deck_D_lose,deck_C_wins,deck_C_lose,deck_A_wins,deck_A_lose,1.0,0.1538461538461538,0.0,0.6923076923076923,0.6923076923076923,1.0,4.0,100.0,0.0,6611.0,0.0,6611.0,20613.0,0.6923076923076923,3614.0,2286.0,677.0,400.0,259.0,275.0,2061.0,1388.0,33.0,12.0,6.0,23.0,109.51515151515152,69.27272727272727,109.51515151515152,56.41666666666666,33.333333333333336,56.41666666666666,43.16666666666666,45.833333333333336,43.16666666666666,89.6086956521739,60.34782608695652,89.6086956521739,7.0,A,,,,2024-05-16_08h53.32.485,0.740801699998201,men,19
IG52,4.0,WAIT,LOWU,75.0,1485.9553878000006,1480.322574499992,1486.2332794000104,1480.6004661000018,1488.2478091000085,1482.6149958,deck_data_1.xlsx,deck_B_wins,deck_B_lose,deck_D_wins,deck_D_lose,deck_C_wins,deck_C_lose,deck_A_wins,deck_A_lose,1.0,0.1538461538461538,0.0,0.6923076923076923,0.6923076923076923,1.0,4.0,82.0,144.0,6693.0,0.0,6693.0,20695.0,0.6923076923076923,3614.0,2286.0,677.0,400.0,259.0,275.0,2143.0,1532.0,33.0,12.0,6.0,24.0,109.51515151515152,69.27272727272727,109.51515151515152,56.41666666666666,33.333333333333336,56.41666666666666,43.16666666666666,45.833333333333336,43.16666666666666,89.29166666666667,63.833333333333336,89.29166666666667,7.0,A,,,,2024-05-16_08h53.32.485,0.2778916000097524,men,19
IG52,4.0,WAIT,LOWU,76.0,1488.2701475000067,1482.637334199998,1488.6138385000086,1482.9810252,1490.626445300004,1484.9936319999954,deck_data_1.xlsx,deck_B_wins,deck_B_lose,deck_D_wins,deck_D_lose,deck_C_wins,deck_C_lose,deck_A_wins,deck_A_lose,1.0,0.1538461538461538,0.0,0.6923076923076923,0.6923076923076923,1.0,4.0,93.0,148.0,6786.0,0.0,6786.0,20788.0,0.6923076923076923,3614.0,2286.0,677.0,400.0,259.0,275.0,2236.0,1680.0,33.0,12.0,6.0,25.0,109.51515151515152,69.27272727272727,109.51515151515152,56.41666666666666,33.333333333333336,56.41666666666666,43.16666666666666,45.833333333333336,43.16666666666666,89.44,67.2,89.44,7.0,A,,,,2024-05-16_08h53.32.485,0.3436910000018542,men,19
IG52,4.0,WAIT,LOWU,77.0,1490.6485409000015,1485.015727599993,1490.829996600005,1485.1971832999964,1492.8437455000094,1487.2109322000008,deck_data_1.xlsx,deck_B_wins,deck_B_lose,deck_D_wins,deck_D_lose,deck_C_wins,deck_C_lose,deck_A_wins,deck_A_lose,1.0,0.1538461538461538,0.0,0.6923076923076923,0.6923076923076923,1.0,4.0,84.0,0.0,6870.0,0.0,6870.0,20872.0,0.6923076923076923,3614.0,2286.0,677.0,400.0,259.0,275.0,2320.0,1680.0,33.0,12.0,6.0,26.0,109.51515151515152,69.27272727272727,109.51515151515152,56.41666666666666,33.333333333333336,56.41666666666666,43.16666666666666,45.833333333333336,43.16666666666666,89.23076923076923,64.61538461538461,89.23076923076923,7.0,A,,,,2024-05-16_08h53.32.485,0.1814557000034256,men,19
IG52,4.0,WAIT,LOWU,78.0,1492.8688491000066,1487.236035799998,1493.2926300000108,1487.6598167000022,1495.3076086000074,1489.6747952999988,deck_data_1.xlsx,deck_B_wins,deck_B_lose,deck_D_wins,deck_D_lose,deck_C_wins,deck_C_lose,deck_A_wins,deck_A_lose,1.0,0.1538461538461538,0.0,0.6923076923076923,0.6923076923076923,1.0,1.0,128.0,0.0,6998.0,0.0,6998.0,21000.0,1.0,3742.0,2286.0,677.0,400.0,259.0,275.0,2320.0,1680.0,34.0,12.0,6.0,26.0,110.05882352941175,67.23529411764706,110.05882352941175,56.41666666666666,33.333333333333336,56.41666666666666,43.16666666666666,45.833333333333336,43.16666666666666,89.23076923076923,64.61538461538461,89.23076923076923,7.0,A,,,,2024-05-16_08h53.32.485,0.4237809000042034,men,19
IG52,4.0,WAIT,LOWU,79.0,1495.3421780000062,1489.7093646999976,1495.6550916000124,1490.0222783000038,1497.6713786000037,1492.038565299995,deck_data_1.xlsx,deck_B_wins,deck_B_lose,deck_D_wins,deck_D_lose,deck_C_wins,deck_C_lose,deck_A_wins,deck_A_lose,1.0,0.1538461538461538,0.0,0.6923076923076923,0.6923076923076923,1.0,1.0,101.0,101.0,7099.0,0.0,7099.0,21101.0,1.0,3843.0,2387.0,677.0,400.0,259.0,275.0,2320.0,1680.0,35.0,12.0,6.0,26.0,109.8,68.2,109.8,56.41666666666666,33.333333333333336,56.41666666666666,43.16666666666666,45.833333333333336,43.16666666666666,89.23076923076923,64.61538461538461,89.23076923076923,7.0,A,,,,2024-05-16_08h53.32.485,0.3129136000061407,men,19
IG52,4.0,WAIT,LOWU,80.0,1497.697091400012,1492.064278100003,1498.355582300006,1492.7227689999977,1500.3690036000044,1494.7361902999958,deck_data_1.xlsx,deck_B_wins,deck_B_lose,deck_D_wins,deck_D_lose,deck_C_wins,deck_C_lose,deck_A_wins,deck_A_lose,1.0,0.1538461538461538,0.0,0.6923076923076923,0.6923076923076923,1.0,1.0,82.0,114.0,7181.0,0.0,7181.0,21183.0,1.0,3925.0,2501.0,677.0,400.0,259.0,275.0,2320.0,1680.0,36.0,12.0,6.0,26.0,109.02777777777776,69.47222222222223,109.02777777777776,56.41666666666666,33.333333333333336,56.41666666666666,43.16666666666666,45.833333333333336,43.16666666666666,89.23076923076923,64.61538461538461,89.23076923076923,7.0,A,,,,2024-05-16_08h53.32.485,0.658490899994149,men,19
IG52,4.0,WAIT,LOWU,81.0,1500.3956222000124,1494.7628089000038,1500.868586500001,1495.2357731999923,1502.8832976000122,1497.2504843000036,deck_data_1.xlsx,deck_B_wins,deck_B_lose,deck_D_wins,deck_D_lose,deck_C_wins,deck_C_lose,deck_A_wins,deck_A_lose,1.0,0.1538461538461538,0.0,0.6923076923076923,0.6923076923076923,1.0,1.0,129.0,135.0,7310.0,0.0,7310.0,21312.0,1.0,4054.0,2636.0,677.0,400.0,259.0,275.0,2320.0,1680.0,37.0,12.0,6.0,26.0,109.56756756756756,71.24324324324324,109.56756756756756,56.41666666666666,33.333333333333336,56.41666666666666,43.16666666666666,45.833333333333336,43.16666666666666,89.23076923076923,64.61538461538461,89.23076923076923,7.0,A,,,,2024-05-16_08h53.32.485,0.4729642999884618,men,19
IG52,4.0,WAIT,LOWU,82.0,1502.9126525000029,1497.2798391999945,1503.2160730000032,1497.5832596999946,1505.2286239000096,1499.595810600001,deck_data_1.xlsx,deck_B_wins,deck_B_lose,deck_D_wins,deck_D_lose,deck_C_wins,deck_C_lose,deck_A_wins,deck_A_lose,1.0,0.1538461538461538,0.0,0.6923076923076923,0.6923076923076923,1.0,1.0,110.0,0.0,7420.0,0.0,7420.0,21422.0,1.0,4164.0,2636.0,677.0,400.0,259.0,275.0,2320.0,1680.0,38.0,12.0,6.0,26.0,109.57894736842104,69.36842105263158,109.57894736842104,56.41666666666666,33.333333333333336,56.41666666666666,43.16666666666666,45.833333333333336,43.16666666666666,89.23076923076923,64.61538461538461,89.23076923076923,7.0,A,,,,2024-05-16_08h53.32.485,0.3034205000003567,men,19
IG52,4.0,WAIT,LOWU,83.0,1505.2575005000108,1499.6246872000022,1505.6131022000045,1499.980288899996,1507.6262745999993,1501.9934612999907,deck_data_1.xlsx,deck_B_wins,deck_B_lose,deck_D_wins,deck_D_lose,deck_C_wins,deck_C_lose,deck_A_wins,deck_A_lose,1.0,0.1538461538461538,0.0,0.6923076923076923,0.6923076923076923,1.0,1.0,116.0,164.0,7536.0,0.0,7536.0,21538.0,1.0,4280.0,2800.0,677.0,400.0,259.0,275.0,2320.0,1680.0,39.0,12.0,6.0,26.0,109.74358974358974,71.7948717948718,109.74358974358974,56.41666666666666,33.333333333333336,56.41666666666666,43.16666666666666,45.833333333333336,43.16666666666666,89.23076923076923,64.61538461538461,89.23076923076923,7.0,A,,,,2024-05-16_08h53.32.485,0.3556016999937128,men,19
IG52,4.0,WAIT,LOWU,84.0,1507.65328340001,1502.0204701000014,1508.0941010000097,1502.461287700001,1510.109429700009,1504.4766164000005,deck_data_1.xlsx,deck_B_wins,deck_B_lose,deck_D_wins,deck_D_lose,deck_C_wins,deck_C_lose,deck_A_wins,deck_A_lose,1.0,0.1538461538461538,0.0,0.6923076923076923,0.6923076923076923,1.0,1.0,120.0,0.0,7656.0,0.0,7656.0,21658.0,1.0,4400.0,2800.0,677.0,400.0,259.0,275.0,2320.0,1680.0,40.0,12.0,6.0,26.0,110.0,70.0,110.0,56.41666666666666,33.333333333333336,56.41666666666666,43.16666666666666,45.833333333333336,43.16666666666666,89.23076923076923,64.61538461538461,89.23076923076923,7.0,A,,,,2024-05-16_08h53.32.485,0.4408175999997183,men,19
IG52,4.0,WAIT,LOWU,85.0,1510.1306393000125,1504.497826000004,1510.8086107999989,1505.1757974999905,1512.8212843000074,1507.1884709999988,deck_data_1.xlsx,deck_B_wins,deck_B_lose,deck_D_wins,deck_D_lose,deck_C_wins,deck_C_lose,deck_A_wins,deck_A_lose,1.0,0.1538461538461538,0.0,0.6923076923076923,0.6923076923076923,1.0,1.0,124.0,0.0,7780.0,0.0,7780.0,21782.0,1.0,4524.0,2800.0,677.0,400.0,259.0,275.0,2320.0,1680.0,41.0,12.0,6.0,26.0,110.34146341463416,68.29268292682927,110.34146341463416,56.41666666666666,33.333333333333336,56.41666666666666,43.16666666666666,45.833333333333336,43.16666666666666,89.23076923076923,64.61538461538461,89.23076923076923,7.0,A,,,,2024-05-16_08h53.32.485,0.67797149998637,men,19
IG52,4.0,WAIT,LOWU,86.0,1512.8519846000129,1507.2191713000043,1513.3898145999992,1507.7570012999906,1515.4022274000015,1509.769414099993,deck_data_1.xlsx,deck_B_wins,deck_B_lose,deck_D_wins,deck_D_lose,deck_C_wins,deck_C_lose,deck_A_wins,deck_A_lose,1.0,0.1538461538461538,0.0,0.6923076923076923,0.6923076923076923,1.0,1.0,128.0,0.0,7908.0,0.0,7908.0,21910.0,1.0,4652.0,2800.0,677.0,400.0,259.0,275.0,2320.0,1680.0,42.0,12.0,6.0,26.0,110.76190476190476,66.66666666666667,110.76190476190476,56.41666666666666,33.333333333333336,56.41666666666666,43.16666666666666,45.833333333333336,43.16666666666666,89.23076923076923,64.61538461538461,89.23076923076923,7.0,A,,,,2024-05-16_08h53.32.485,0.537829999986343,men,19
IG52,4.0,WAIT,LOWU,87.0,1515.4339114000031,1509.8010980999943,1516.3535900999996,1510.720776799991,1518.3679460999992,1512.7351327999909,deck_data_1.xlsx,deck_B_wins,deck_B_lose,deck_D_wins,deck_D_lose,deck_C_wins,deck_C_lose,deck_A_wins,deck_A_lose,1.0,0.1538461538461538,0.0,0.6923076923076923,0.6923076923076923,1.0,1.0,102.0,137.0,8010.0,0.0,8010.0,22012.0,1.0,4754.0,2937.0,677.0,400.0,259.0,275.0,2320.0,1680.0,43.0,12.0,6.0,26.0,110.55813953488372,68.30232558139535,110.55813953488372,56.41666666666666,33.333333333333336,56.41666666666666,43.16666666666666,45.833333333333336,43.16666666666666,89.23076923076923,64.61538461538461,89.23076923076923,7.0,A,,,,2024-05-16_08h53.32.485,0.9196786999964388,men,19
IG52,4.0,WAIT,LOWU,88.0,1518.3919444000055,1512.759131099997,1519.1001470000049,1513.4673336999963,1521.1152531000116,1515.482439800003,deck_data_1.xlsx,deck_B_wins,deck_B_lose,deck_D_wins,deck_D_lose,deck_C_wins,deck_C_lose,deck_A_wins,deck_A_lose,1.0,0.1538461538461538,0.0,0.6923076923076923,0.6923076923076923,1.0,1.0,111.0,191.0,8121.0,0.0,8121.0,22123.0,1.0,4865.0,3128.0,677.0,400.0,259.0,275.0,2320.0,1680.0,44.0,12.0,6.0,26.0,110.5681818181818,71.0909090909091,110.5681818181818,56.41666666666666,33.333333333333336,56.41666666666666,43.16666666666666,45.833333333333336,43.16666666666666,89.23076923076923,64.61538461538461,89.23076923076923,7.0,A,,,,2024-05-16_08h53.32.485,0.7082025999993675,men,19
IG52,4.0,WAIT,LOWU,89.0,1521.1405196000123,1515.5077063000035,1521.9639142000087,1516.3311009,1523.976852300009,1518.3440390000003,deck_data_1.xlsx,deck_B_wins,deck_B_lose,deck_D_wins,deck_D_lose,deck_C_wins,deck_C_lose,deck_A_wins,deck_A_lose,1.0,0.1538461538461538,0.0,0.6923076923076923,0.6923076923076923,1.0,1.0,109.0,134.0,8230.0,0.0,8230.0,22232.0,1.0,4974.0,3262.0,677.0,400.0,259.0,275.0,2320.0,1680.0,45.0,12.0,6.0,26.0,110.53333333333332,72.4888888888889,110.53333333333332,56.41666666666666,33.333333333333336,56.41666666666666,43.16666666666666,45.833333333333336,43.16666666666666,89.23076923076923,64.61538461538461,89.23076923076923,7.0,A,,,,2024-05-16_08h53.32.485,0.8233945999963908,men,19
IG52,4.0,WAIT,LOWU,90.0,1524.0076236000025,1518.374810299994,1524.7122791000002,1519.0794657999916,1526.7242326000123,1521.0914193000035,deck_data_1.xlsx,deck_B_wins,deck_B_lose,deck_D_wins,deck_D_lose,deck_C_wins,deck_C_lose,deck_A_wins,deck_A_lose,1.0,0.1538461538461538,0.0,0.6923076923076923,0.6923076923076923,1.0,4.0,98.0,0.0,8328.0,0.0,8328.0,22330.0,0.6923076923076923,4974.0,3262.0,677.0,400.0,259.0,275.0,2418.0,1680.0,45.0,12.0,6.0,27.0,110.53333333333332,72.4888888888889,110.53333333333332,56.41666666666666,33.333333333333336,56.41666666666666,43.16666666666666,45.833333333333336,43.16666666666666,89.55555555555556,62.22222222222222,89.55555555555556,7.0,A,,,,2024-05-16_08h53.32.485,0.7046554999976706,men,19
IG52,4.0,WAIT,LOWU,91.0,1526.758099600003,1521.1252862999945,1527.224835800007,1521.5920224999984,1529.240571900009,1523.6077586000004,deck_data_1.xlsx,deck_B_wins,deck_B_lose,deck_D_wins,deck_D_lose,deck_C_wins,deck_C_lose,deck_A_wins,deck_A_lose,1.0,0.1538461538461538,0.0,0.6923076923076923,0.6923076923076923,1.0,1.0,128.0,0.0,8456.0,0.0,8456.0,22458.0,1.0,5102.0,3262.0,677.0,400.0,259.0,275.0,2418.0,1680.0,46.0,12.0,6.0,27.0,110.91304347826087,70.91304347826087,110.91304347826087,56.41666666666666,33.333333333333336,56.41666666666666,43.16666666666666,45.833333333333336,43.16666666666666,89.55555555555556,62.22222222222222,89.55555555555556,7.0,A,,,,2024-05-16_08h53.32.485,0.4667362000038793,men,19
IG52,4.0,WAIT,LOWU,92.0,1529.273995200012,1523.6411819000034,1529.7396903000044,1524.1068769999958,1531.7522334000096,1526.119420100001,deck_data_1.xlsx,deck_B_wins,deck_B_lose,deck_D_wins,deck_D_lose,deck_C_wins,deck_C_lose,deck_A_wins,deck_A_lose,1.0,0.1538461538461538,0.0,0.6923076923076923,0.6923076923076923,1.0,1.0,99.0,114.0,8555.0,0.0,8555.0,22557.0,1.0,5201.0,3376.0,677.0,400.0,259.0,275.0,2418.0,1680.0,47.0,12.0,6.0,27.0,110.65957446808513,71.82978723404256,110.65957446808513,56.41666666666666,33.333333333333336,56.41666666666666,43.16666666666666,45.833333333333336,43.16666666666666,89.55555555555556,62.22222222222222,89.55555555555556,7.0,A,,,,2024-05-16_08h53.32.485,0.4656950999924447,men,19
IG52,4.0,WAIT,LOWU,93.0,1531.7794082000037,1526.146594899995,1532.419996800003,1526.7871834999944,1534.4353327999995,1528.802519499991,deck_data_1.xlsx,deck_B_wins,deck_B_lose,deck_D_wins,deck_D_lose,deck_C_wins,deck_C_lose,deck_A_wins,deck_A_lose,1.0,0.1538461538461538,0.0,0.6923076923076923,0.6923076923076923,1.0,1.0,92.0,124.0,8647.0,0.0,8647.0,22649.0,1.0,5293.0,3500.0,677.0,400.0,259.0,275.0,2418.0,1680.0,48.0,12.0,6.0,27.0,110.27083333333331,72.91666666666667,110.27083333333331,56.41666666666666,33.333333333333336,56.41666666666666,43.16666666666666,45.833333333333336,43.16666666666666,89.55555555555556,62.22222222222222,89.55555555555556,7.0,A,,,,2024-05-16_08h53.32.485,0.6405885999993188,men,19
IG52,4.0,WAIT,LOWU,94.0,1534.4581670000043,1528.8253536999955,1534.6526890000096,1529.019875700001,1536.66426830001,1531.0314550000014,deck_data_1.xlsx,deck_B_wins,deck_B_lose,deck_D_wins,deck_D_lose,deck_C_wins,deck_C_lose,deck_A_wins,deck_A_lose,1.0,0.1538461538461538,0.0,0.6923076923076923,0.6923076923076923,1.0,4.0,81.0,120.0,8728.0,0.0,8728.0,22730.0,0.6923076923076923,5293.0,3500.0,677.0,400.0,259.0,275.0,2499.0,1800.0,48.0,12.0,6.0,28.0,110.27083333333331,72.91666666666667,110.27083333333331,56.41666666666666,33.333333333333336,56.41666666666666,43.16666666666666,45.833333333333336,43.16666666666666,89.25,64.28571428571429,89.25,7.0,A,,,,2024-05-16_08h53.32.485,0.1945220000052359,men,19
IG52,4.0,WAIT,LOWU,95.0,1536.6945280000073,1531.061714699999,1537.648601400011,1532.0157881000025,1539.6611842999991,1534.0283709999906,deck_data_1.xlsx,deck_B_wins,deck_B_lose,deck_D_wins,deck_D_lose,deck_C_wins,deck_C_lose,deck_A_wins,deck_A_lose,1.0,0.1538461538461538,0.0,0.6923076923076923,0.6923076923076923,1.0,3.0,50.0,0.0,8778.0,0.0,8778.0,22780.0,0.0,5293.0,3500.0,677.0,400.0,309.0,275.0,2499.0,1800.0,48.0,12.0,7.0,28.0,110.27083333333331,72.91666666666667,110.27083333333331,56.41666666666666,33.333333333333336,56.41666666666666,44.142857142857146,39.285714285714285,44.142857142857146,89.25,64.28571428571429,89.25,7.0,A,,,,2024-05-16_08h53.32.485,0.9540734000038356,men,19
IG52,4.0,WAIT,LOWU,96.0,1539.6897847000073,1534.0569713999987,1540.047310599999,1534.4144972999904,1542.0613049000094,1536.4284916000008,deck_data_1.xlsx,deck_B_wins,deck_B_lose,deck_D_wins,deck_D_lose,deck_C_wins,deck_C_lose,deck_A_wins,deck_A_lose,1.0,0.1538461538461538,0.0,0.6923076923076923,0.6923076923076923,1.0,2.0,66.0,83.0,8844.0,0.0,8844.0,22846.0,0.1538461538461538,5293.0,3500.0,743.0,483.0,309.0,275.0,2499.0,1800.0,48.0,13.0,7.0,28.0,110.27083333333331,72.91666666666667,110.27083333333331,57.15384615384615,37.15384615384615,57.15384615384615,44.142857142857146,39.285714285714285,44.142857142857146,89.25,64.28571428571429,89.25,7.0,A,,,,2024-05-16_08h53.32.485,0.3575258999917423,men,19
IG52,4.0,WAIT,LOWU,97.0,1542.0867339000106,1536.453920600002,1542.3120939000073,1536.6792805999987,1544.3257313000067,1538.692917999998,deck_data_1.xlsx,deck_B_wins,deck_B_lose,deck_D_wins,deck_D_lose,deck_C_wins,deck_C_lose,deck_A_wins,deck_A_lose,1.0,0.1538461538461538,0.0,0.6923076923076923,0.6923076923076923,1.0,1.0,109.0,0.0,8953.0,0.0,8953.0,22955.0,1.0,5402.0,3500.0,743.0,483.0,309.0,275.0,2499.0,1800.0,49.0,13.0,7.0,28.0,110.24489795918367,71.42857142857143,110.24489795918367,57.15384615384615,37.15384615384615,57.15384615384615,44.142857142857146,39.285714285714285,44.142857142857146,89.25,64.28571428571429,89.25,7.0,A,,,,2024-05-16_08h53.32.485,0.2253599999967264,men,19
IG52,4.0,WAIT,LOWU,98.0,1544.3519037000078,1538.7190903999992,1544.4256337000115,1538.792820400003,1546.439931300003,1540.8071179999945,deck_data_1.xlsx,deck_B_wins,deck_B_lose,deck_D_wins,deck_D_lose,deck_C_wins,deck_C_lose,deck_A_wins,deck_A_lose,1.0,0.1538461538461538,0.0,0.6923076923076923,0.6923076923076923,1.0,1.0,98.0,0.0,9051.0,0.0,9051.0,23053.0,1.0,5500.0,3500.0,743.0,483.0,309.0,275.0,2499.0,1800.0,50.0,13.0,7.0,28.0,110.0,70.0,110.0,57.15384615384615,37.15384615384615,57.15384615384615,44.142857142857146,39.285714285714285,44.142857142857146,89.25,64.28571428571429,89.25,7.0,A,,,,2024-05-16_08h53.32.485,0.0737300000037066,men,19
IG52,4.0,WAIT,LOWU,99.0,1546.4591166000027,1540.8263032999942,1546.8394451000058,1541.2066317999972,1548.8547222000052,1543.2219088999966,deck_data_1.xlsx,deck_B_wins,deck_B_lose,deck_D_wins,deck_D_lose,deck_C_wins,deck_C_lose,deck_A_wins,deck_A_lose,1.0,0.1538461538461538,0.0,0.6923076923076923,0.6923076923076923,1.0,1.0,127.0,0.0,9178.0,0.0,9178.0,23180.0,1.0,5627.0,3500.0,743.0,483.0,309.0,275.0,2499.0,1800.0,51.0,13.0,7.0,28.0,110.33333333333331,68.62745098039215,110.33333333333331,57.15384615384615,37.15384615384615,57.15384615384615,44.142857142857146,39.285714285714285,44.142857142857146,89.25,64.28571428571429,89.25,7.0,A,,,,2024-05-16_08h53.32.485,0.3803285000030882,men,19
IG52,4.0,WAIT,LOWU,100.0,1548.88229210001,1543.2494788000015,1549.3704102000047,1543.737596899996,1551.382818500002,1545.7500051999934,deck_data_1.xlsx,deck_B_wins,deck_B_lose,deck_D_wins,deck_D_lose,deck_C_wins,deck_C_lose,deck_A_wins,deck_A_lose,1.0,0.1538461538461538,0.0,0.6923076923076923,0.6923076923076923,1.0,1.0,109.0,0.0,9287.0,0.0,9287.0,23289.0,1.0,5736.0,3500.0,743.0,483.0,309.0,275.0,2499.0,1800.0,52.0,13.0,7.0,28.0,110.3076923076923,67.3076923076923,110.3076923076923,57.15384615384615,37.15384615384615,57.15384615384615,44.142857142857146,39.285714285714285,44.142857142857146,89.25,64.28571428571429,89.25,7.0,A,,,,2024-05-16_08h53.32.485,0.4881180999946082,men,19
